"Sample"	"Note"	"End.2.Mapping.Rate"	"Chimeric.Pairs"	"Intragenic.Rate"	"Num..Gaps"	"Mapping.Rate"	"Exonic.Rate"	"X5..Norm"	"Genes.Detected"	"Unique.Rate.of.Mapped"	"X3..Norm"	"Read.Length"	"Mean.Per.Base.Cov."	"End.1.Mismatch.Rate"	"Fragment.Length.StdDev"	"Estimated.Library.Size"	"Mapped"	"Intergenic.Rate"	"rRNA"	"Total.Purity.Filtered.Reads.Sequenced"	"Failed.Vendor.QC.Check"	"Mean.CV"	"Transcripts.Detected"	"Mapped.Pairs"	"Cumul..Gap.Length"	"Gap.."	"Unpaired.Reads"	"Intronic.Rate"	"Mapped.Unique.Rate.of.Total"	"Expression.Profiling.Efficiency"	"Mapped.Unique"	"End.2.Mismatch.Rate"	"End.2.Antisense"	"Alternative.Aligments"	"End.2.Sense"	"Fragment.Length.Mean"	"End.1.Antisense"	"Split.Reads"	"Base.Mismatch.Rate"	"End.1.Sense"	"End.1...Sense"	"rRNA.rate"	"End.1.Mapping.Rate"	"No..Covered.5."	"Duplication.Rate.of.Mapped"	"End.2...Sense"
"1"	"ELL3153A100"	"NoDesc"	0.9548473	785332	0.96786064	177	0.95711523	0.8221553	0.3219528	18238	1	0.73028755	75	62.61332	0.0011238013	193	0	61965354	0.031824622	281233	64741788	0	0.5686906	98608	30813352	15459	0.034437973	0	0.14570533	0.95711523	0.78689736	61965354	0.0023477061	455363	3233125	26772693	154	26833137	12409031	0.0017343035	470986	1.7249628	0.0043439176	0.9593833	209	0	98.32759
"2"	"ELL3153A101"	"NoDesc"	0.8898951	319810	0.9637571	228	0.8919738	0.8170055	0.31878266	16925	1	0.6105589	75	40.879265	0.0011251152	160	0	42376869	0.0357786	240186	47509094	0	0.5993343	93151	21070249	13790	0.029480362	0	0.14675167	0.8919738	0.72874755	42376869	0.0021604288	317010	2576513	18174742	121	18199006	8294061	0.0016415657	326469	1.7622705	0.0050555794	0.89405245	208	0	98.28567
"3"	"ELL3153A102"	"NoDesc"	0.91549283	542895	0.9674769	201	0.91822135	0.8323401	0.338113	17760	1	0.5646107	75	44.342487	0.0011147015	168	0	43156032	0.03220187	248645	46999597	0	0.5568917	97121	21441875	12431	0.02415015	0	0.1351368	0.91822135	0.76427245	43156032	0.002299349	321879	2136690	18684245	125	18745049	9018285	0.0017052651	333548	1.7482837	0.005290365	0.9209499	218	0	98.30644
"4"	"ELL3153A103"	"NoDesc"	0.93938655	702412	0.9638159	224	0.9418135	0.8129266	0.30687368	17391	1	0.6930775	75	49.604153	0.001115094	165	0	51094625	0.03579586	269122	54251315	0	0.56187433	94933	25403428	17532	0.034914427	0	0.15088926	0.9418135	0.7656253	51094625	0.0023137762	385570	2913125	21923712	127	21967083	9947331	0.0017128907	398761	1.7829016	0.004960654	0.9442406	213	0	98.271706
"5"	"ELL3153A104"	"NoDesc"	0.9501794	585984	0.9550948	177	0.9536337	0.731115	0.34486642	19801	1	0.65350664	75	41.447517	0.0011754574	153	0	50089375	0.044622198	104958	52524754	0	0.5493277	103980	24839978	12797	0.026197432	0	0.2239799	0.9536337	0.6972159	50089375	0.0024158168	448454	2779370	21154589	120	21253326	8333718	0.0017933905	462802	2.1311443	0.0019982578	0.95708805	208	0	97.92411
"6"	"ELL3153A105"	"NoDesc"	0.9469934	798931	0.9447942	218	0.9492423	0.7542441	0.29191557	20659	1	0.67321336	75	45.298615	0.0011909897	146	0	52240434	0.054768402	87519	55033824	0	0.57316065	107270	25939575	17415	0.035215255	0	0.19055009	0.9492423	0.7159603	52240434	0.0022481815	560318	5701311	21802365	127	21854691	8538007	0.0017183333	574475	2.5612855	0.0015902766	0.95149124	204	0	97.49439
"7"	"ELL3153A106"	"NoDesc"	0.9566289	485344	0.9497399	170	0.95879483	0.7424787	0.2874068	21192	1	0.6293178	75	56.650154	0.0011506993	181	0	61212981	0.04986217	144863	63843667	0	0.5487604	108929	30398372	12237	0.025739346	0	0.20726117	0.95879483	0.7118848	61212981	0.0021884297	617734	3688971	25866798	144	25920919	10368206	0.0016683923	635410	2.3926878	0.0022690268	0.9609608	214	0	97.667564
"8"	"ELL3153A107"	"NoDesc"	0.9575415	528844	0.9599819	182	0.9595451	0.7783695	0.3348096	18668	1	0.69916797	75	57.69227	0.0011184231	191	0	60655577	0.039683193	170932	63212849	0	0.5620642	99453	30156001	14406	0.03047399	0	0.18161245	0.9595451	0.7468806	60655577	0.0021400407	458636	3467060	25979843	149	26018750	11083090	0.0016281654	470989	1.7780054	0.0027040706	0.96154857	217	0	98.265274
"9"	"ELL3153A108"	"NoDesc"	0.9603728	380898	0.9649057	208	0.9618823	0.83401483	0.316421	17852	1	0.5985969	75	53.890827	0.0011153377	179	0	51737856	0.034639493	264237	53788134	0	0.5513963	97565	25746542	13199	0.026456522	0	0.13089082	0.9618823	0.8022241	51737856	0.002103985	336177	3897880	22372924	133	22385946	10736133	0.0016088856	347501	1.528589	0.0049125515	0.9633918	225	0	98.51964
"10"	"ELL3153A109"	"NoDesc"	0.9614427	418959	0.9637316	216	0.96276885	0.82451516	0.3726828	16856	1	0.7422457	75	55.44518	0.0011232079	170	0	53620089	0.035751674	279003	55693624	0	0.6072001	92735	26698188	15534	0.03879194	0	0.1392164	0.96276885	0.7938175	53620089	0.00208686	353735	3613147	22947644	134	22930537	10492886	0.0016043701	366337	1.5724728	0.005009604	0.9640951	214	0	98.4819
"11"	"ELL3153A10"	"NoDesc"	0.95613205	313726	0.9483424	165	0.9589504	0.74497545	0.29671556	20823	1	0.73433447	75	53.03905	0.0011296802	170	0	59312457	0.051341154	135458	61851434	0	0.5345975	108002	29438659	10853	0.021440143	0	0.20336694	0.9589504	0.7143945	59312457	0.0023107822	625612	3529038	24941462	140	25019440	9918786	0.0017184957	645462	2.5149598	0.0021900544	0.96176887	220	0	97.55306
"12"	"ELL3153A110"	"NoDesc"	0.9617924	617355	0.9677903	202	0.9633455	0.8343526	0.30931708	17917	1	0.7173151	75	57.463345	0.0010921097	181	0	55156055	0.031741284	266867	57254694	0	0.53824216	97740	27446594	16952	0.035660945	0	0.13343771	0.9633455	0.8037699	55156055	0.0020995252	365360	3585073	23922228	140	23936249	11486833	0.0015950054	378613	1.5571258	0.00466105	0.9648986	198	0	98.49569
"13"	"ELL3153A111"	"NoDesc"	0.96185374	263752	0.96648747	214	0.9634757	0.8193542	0.2887454	16840	1	0.78075755	75	50.326775	0.001108083	163	0	49861131	0.0329738	257026	51751313	0	0.61701125	92843	24815640	20184	0.0450746	0	0.14713325	0.9634757	0.7894279	49861131	0.0021402424	336199	2542653	21445471	126	21442754	9824252	0.0016232939	348574	1.5995996	0.0049665603	0.9650977	201	0	98.45651
"14"	"ELL3153A112"	"NoDesc"	0.94961166	385721	0.9529869	166	0.951513	0.74540037	0.30829197	20142	1	0.6968062	75	54.900627	0.001131686	178	0	59785446	0.046644527	109641	62831985	0	0.53348404	105070	29701339	13393	0.025956333	0	0.20758654	0.951513	0.70925814	59785446	0.0021058205	576171	3526321	25391828	142	25436527	10148817	0.0016177798	592364	2.275794	0.0017449871	0.95341426	212	0	97.78123
"15"	"ELL3153A113"	"NoDesc"	0.92137456	416121	0.9486478	249	0.9262433	0.792549	0.27901098	19740	1	0.6650453	75	34.261272	0.0011874578	141	0	39358776	0.050919216	91536	42492910	0	0.57518417	104425	19492639	17635	0.034836426	0	0.15609878	0.9262433	0.73409325	39358776	0.0030745813	372246	11384798	16495983	120	16628437	6891099	0.0021260597	387134	2.2751749	0.0021541475	0.9311121	212	0	97.79322
"16"	"ELL3153A114"	"NoDesc"	0.96278447	457940	0.94934314	170	0.96522796	0.7335742	0.29831183	20901	1	0.66599536	75	49.79193	0.0011478306	170	0	57294448	0.05031957	134103	59358463	0	0.508911	108288	28443646	13356	0.02353501	0	0.21576896	0.96522796	0.7080663	57294448	0.0022283345	582201	3202168	24171444	134	24231136	9543627	0.0016867149	599941	2.4160895	0.002259206	0.9676714	214	0	97.64802
"17"	"ELL3153A115"	"NoDesc"	0.9570528	531274	0.9612201	187	0.95911694	0.7787154	0.3124484	18218	1	0.68567383	75	49.342403	0.001112337	179	0	52013346	0.03849347	155070	54230453	0	0.5701042	97844	25855735	13829	0.027593818	0	0.18250465	0.95911694	0.7468791	52013346	0.00213916	384632	2747125	22346384	130	22391882	9500998	0.0016246436	395377	1.7350792	0.0028594634	0.961181	215	0	98.30789
"18"	"ELL3153A116"	"NoDesc"	0.96256065	416426	0.96554846	211	0.96411747	0.84535605	0.34167686	18271	1	0.6023832	75	59.8235	0.0010544744	192	0	56842080	0.03411439	343094	58957629	0	0.55152875	99099	28297131	13353	0.028780809	0	0.12019245	0.96411747	0.8150225	56842080	0.002046415	378224	3648670	24615834	148	24625001	12093482	0.0015496437	391956	1.5667614	0.005819332	0.96567434	210	0	98.48674
"19"	"ELL3153A117"	"NoDesc"	0.96343863	360856	0.9636998	227	0.9652267	0.81376827	0.30666596	18090	1	0.70358866	75	53.39512	0.0010847022	180	0	55360190	0.03601868	293404	57354599	0	0.5412403	97849	27547018	18246	0.034758985	0	0.14993149	0.9652267	0.7854709	55360190	0.0021116382	413298	2908384	23774303	139	23787683	10858060	0.0015972189	426810	1.7626221	0.0051156143	0.96701473	205	0	98.2913
"20"	"ELL3153A118"	"NoDesc"	0.96297747	476114	0.96391183	165	0.96478355	0.8279639	0.2934198	18380	1	0.7274329	75	57.336006	0.0010819867	189	0	55766181	0.035759307	320392	57801754	0	0.53204167	99295	27747737	10686	0.025476765	0	0.13594791	0.96478355	0.79880595	55766181	0.0021201256	380484	3543943	24090019	143	24112845	11443807	0.0016000845	393644	1.6062849	0.005542946	0.96658975	219	0	98.44513
"21"	"ELL3153A119"	"NoDesc"	0.96410525	496069	0.9636772	166	0.96580714	0.81139344	0.2584082	18410	1	0.7272132	75	62.290447	0.0010700448	200	0	64104932	0.036023967	311395	66374462	0	0.5640477	98622	31904536	12824	0.026901107	0	0.1522838	0.96580714	0.78364956	64104932	0.0021363492	482013	3637665	27530161	160	27540473	12611621	0.0016022576	498240	1.7769718	0.004691488	0.9675091	209	0	98.279274
"22"	"ELL3153A11"	"NoDesc"	0.95462954	283075	0.9609063	165	0.95706755	0.78752613	0.40890267	18411	1	0.7273965	75	54.95838	0.0010979286	181	0	56840475	0.03882126	156152	59390244	0	0.5623873	98778	28250850	9926	0.02327561	0	0.17338017	0.95706755	0.7537157	56840475	0.002235486	424478	3205529	24368628	141	24426570	10464516	0.0016652584	437863	1.7610015	0.0026292533	0.95950556	232	0	98.28792
"23"	"ELL3153A120"	"NoDesc"	0.9573489	278751	0.9510949	201	0.959503	0.73513865	0.32412285	20350	1	0.6413566	75	51.149868	0.0011226475	170	0	57357630	0.048615154	119963	59778481	0	0.54037327	105967	28487498	12846	0.027162353	0	0.2159563	0.959503	0.70536774	57357630	0.00215497	564442	3408456	24265193	135	24314895	9618988	0.0016376498	580561	2.331996	0.0020067925	0.9616571	213	0	97.72674
"24"	"ELL3153A121"	"NoDesc"	0.9469422	558400	0.9423036	178	0.94904256	0.76184165	0.27987188	20578	1	0.73131496	75	45.875465	0.0011602273	153	0	53296569	0.057269786	102344	56158246	0	0.51982665	107138	26471653	13185	0.028173257	0	0.18046191	0.94904256	0.72302014	53296569	0.0022236547	582963	9076923	22185626	132	22227637	8932369	0.0016907642	597768	2.6188715	0.0018224216	0.9511429	216	0	97.43962
"25"	"ELL3153A122"	"NoDesc"	0.95605403	293103	0.9487262	180	0.9579622	0.74970955	0.28693116	20931	1	0.67450553	75	51.064655	0.0011269834	170	0	57343113	0.050954316	162468	59859474	0	0.5669796	108313	28487309	12704	0.023284543	0	0.1990166	0.9579622	0.7181934	57343113	0.002085948	595565	3546899	24147060	137	24182399	9792892	0.0016055106	612630	2.4707775	0.0027141569	0.9598704	212	0	97.59296
"26"	"ELL3153A123"	"NoDesc"	0.9613174	325010	0.95848733	156	0.9630642	0.7749287	0.2912805	18914	1	0.7834878	75	63.95697	0.0011125129	198	0	66915678	0.041202914	209087	69482053	0	0.54160935	99791	33281965	11161	0.026849076	0	0.18355864	0.9630642	0.74630606	66915678	0.0021004556	514409	4461756	28621947	162	28662265	12149612	0.0016055882	527947	1.8086439	0.003009223	0.9648109	220	0	98.234474
"27"	"ELL3153A124"	"NoDesc"	0.95222867	321902	0.9666589	209	0.95364606	0.85162157	0.36641	18367	1	0.5643547	75	55.687187	0.0010437754	182	0	52263905	0.033036567	436846	54804301	0	0.5664825	99457	26024567	17695	0.038960755	0	0.11503727	0.95364606	0.81214553	52263905	0.0019423297	353326	3391421	22632615	136	22630086	11145991	0.0014923847	365940	1.5913185	0.007971017	0.95506346	210	0	98.462875
"28"	"ELL3153A125"	"NoDesc"	0.9347133	323125	0.9599015	203	0.93623096	0.8217542	0.3265494	17965	1	0.56138235	75	47.483883	0.0010396732	166	0	46657897	0.03977378	485786	49835885	0	0.5604366	97481	23223153	13362	0.029717503	0	0.13814723	0.93623096	0.7693517	46657897	0.0019216608	362834	3552880	20012988	119	20012448	9504756	0.0014799521	374515	1.8370317	0.009747715	0.9377486	211	0	98.21929
"29"	"ELL3153A126"	"NoDesc"	0.9224817	308401	0.96332115	186	0.92408353	0.835509	0.41069192	18167	1	0.59843564	75	47.641426	0.001031172	168	0	44956888	0.036383055	473679	48650243	0	0.5668803	98572	22375985	13167	0.032921202	0	0.12781207	0.92408353	0.77208006	44956888	0.0018967993	338906	3306312	19423884	119	19437256	9572724	0.0014632354	351058	1.7740673	0.009736416	0.9256853	217	0	98.285126
"30"	"ELL3153A127"	"NoDesc"	0.92697185	301674	0.96327513	221	0.9285985	0.82742953	0.3249309	17915	1	0.694538	75	45.05327	0.0010375641	166	0	44549457	0.03636956	444590	47974935	0	0.58051723	97322	22170594	16954	0.036941405	0	0.13584566	0.9285985	0.7683499	44549457	0.0019157337	346425	2776425	19170759	118	19177386	9137831	0.0014758797	358254	1.8338482	0.009267131	0.9302253	215	0	98.22503
"31"	"ELL3153A128"	"NoDesc"	0.95156187	177167	0.95057595	174	0.9535693	0.7368857	0.3531501	20138	1	0.69841474	75	49.552635	0.0011183036	169	0	55211876	0.049138144	124242	57900225	0	0.543951	105239	27424661	12975	0.029785544	0	0.21369022	0.9535693	0.7026716	55211876	0.0020762624	547609	3506788	23317847	130	23355074	9387410	0.0015962747	562181	2.3505247	0.002145795	0.9555768	218	0	97.70543
"32"	"ELL3153A129"	"NoDesc"	0.9499449	449722	0.9444026	170	0.9520501	0.7652659	0.3908479	20506	1	0.67585486	75	42.99531	0.001151205	149	0	48509713	0.055139124	92606	50952900	0	0.5636123	106679	24094156	11892	0.028509166	0	0.17913666	0.9520501	0.7285715	48509713	0.002186701	497943	7969048	20228330	122	20264811	8390230	0.0016678082	509560	2.4528298	0.0018174824	0.9541552	217	0	97.597534
"33"	"ELL3153A12"	"NoDesc"	0.92759657	196979	0.9645793	215	0.9293479	0.83145213	0.27732638	17882	1	0.73139757	75	46.02881	0.0010199811	171	0	44060507	0.0351301	290601	47410134	0	0.5546827	97545	21923878	20290	0.04352443	0	0.13312711	0.9293479	0.77270824	44060507	0.0019520131	330065	2659859	19092644	119	19108952	9067825	0.0014851189	342033	1.7584355	0.006129512	0.9310991	203	0	98.30063
"34"	"ELL3153A130"	"NoDesc"	0.95394135	414195	0.951465	155	0.9559976	0.7669563	0.25274473	21240	1	0.629978	75	58.832417	0.001162244	193	0	63038864	0.04805867	171215	65940401	0	0.5208343	109609	31311970	11888	0.023230275	0	0.18450867	0.9559976	0.7332084	63038864	0.0021887622	616745	4195013	26652277	152	26700426	11249307	0.001674399	632401	2.313705	0.0025965115	0.9580539	218	0	97.73829
"35"	"ELL3153A131"	"NoDesc"	0.936849	369084	0.96180534	197	0.9387063	0.79441553	0.39081058	18445	1	0.7151835	75	53.942165	0.001124685	184	0	54868016	0.03782524	184853	58450676	0	0.53193986	98851	27278363	15831	0.03517992	0	0.16738981	0.9387063	0.74572283	54868016	0.0020949577	433006	3633714	23558669	137	23597204	10469411	0.0016088615	442543	1.8408804	0.0031625468	0.94056356	213	0	98.195175
"36"	"ELL3153A132"	"NoDesc"	0.9537702	408062	0.9643498	215	0.95542365	0.8351144	0.28981608	18252	1	0.5913613	75	53.55778	0.0010913175	183	0	51473084	0.035280496	346432	53874617	0	0.5756273	98961	25614405	15885	0.027776806	0	0.12923539	0.95542365	0.7978881	51473084	0.0020572308	373398	3398222	22262292	132	22273621	10699644	0.0015734383	387514	1.7100378	0.006430338	0.95707715	204	0	98.3504
"37"	"ELL3153A133"	"NoDesc"	0.95179975	302875	0.9603722	158	0.9532024	0.82584244	0.30960664	17678	1	0.5538823	75	55.382774	0.0010634501	180	0	55429479	0.039151244	389833	58150795	0	0.5570517	96388	27595554	11228	0.022939567	0	0.13452981	0.9532024	0.787195	55429479	0.0020158298	424084	4206056	23733334	140	23715797	11062018	0.0015389393	437428	1.8110543	0.006703829	0.95460504	219	0	98.2445
"38"	"ELL3153A134"	"NoDesc"	0.9516785	433558	0.9626302	162	0.9534651	0.8331502	0.38496557	18326	1	0.68646723	75	53.680485	0.0010695838	186	0	50926838	0.036985155	383455	53412379	0	0.55695415	99176	25338241	9536	0.020344378	0	0.12948005	0.9534651	0.79437965	50926838	0.0020812226	384451	3913656	21992220	130	22011004	10683673	0.0015744555	397837	1.7753574	0.007179141	0.95525163	216	0	98.281906
"39"	"ELL3153A135"	"NoDesc"	0.95434046	149149	0.9620917	193	0.9560393	0.8173465	0.38323593	17342	1	0.75350845	75	51.97993	0.0010788494	176	0	51778416	0.037502307	336106	54159295	0	0.62237394	94416	25767791	13654	0.029492382	0	0.14474516	0.9560393	0.7814154	51778416	0.0021495055	404512	3272040	22192865	133	22187514	10051861	0.0016132261	417536	1.8470917	0.006205878	0.95773816	209	0	98.20992
"40"	"ELL3153A136"	"NoDesc"	0.9523098	532739	0.9517422	184	0.95463353	0.74782294	0.37878686	20215	1	0.6892325	75	50.476116	0.0011590543	177	0	54853923	0.04790536	127788	57460712	0	0.52129227	105621	27233137	14485	0.028548453	0	0.20391916	0.95463353	0.7138969	54853923	0.0022015325	553861	3234377	23184330	131	23236711	9464081	0.0016790248	568294	2.387288	0.0022239196	0.9569572	215	0	97.666794
"41"	"ELL3153A137"	"NoDesc"	0.94097745	626093	0.9525009	220	0.94276255	0.8130607	0.32108036	19858	1	0.60425967	75	42.03171	0.0011728248	146	0	46695521	0.047050446	123694	49530522	0	0.59319574	105244	23210615	14101	0.029247662	0	0.13944016	0.94276255	0.7665232	46695521	0.0022190765	432738	18016670	19760512	123	19800730	8429729	0.00169496	443020	2.1884286	0.002497329	0.9445477	203	0	97.85702
"42"	"ELL3153A138"	"NoDesc"	0.9579689	256413	0.9533521	141	0.9598139	0.77682227	0.30678388	21321	1	0.6768767	75	62.617027	0.0011334096	203	0	66005138	0.046222962	150003	68768678	0	0.5483319	109835	32803115	10351	0.025168503	0	0.17652982	0.9598139	0.7456048	66005138	0.0021367213	613055	4754357	28006389	161	28056206	12077856	0.0016341012	628825	2.192171	0.0021812692	0.9616591	216	0	97.8579
"43"	"ELL3153A139"	"NoDesc"	0.9568333	528801	0.9590774	161	0.9588198	0.77100575	0.40080428	18968	1	0.8396851	75	61.994682	0.0011405674	203	0	65142768	0.040608574	160055	67940573	0	0.566574	99937	32380764	13165	0.0283931	0	0.1880717	0.9588198	0.73925555	65142768	0.0021761816	529534	4038351	27845953	157	27899555	11890940	0.0016573018	542373	1.9069488	0.0023558086	0.96080625	209	0	98.13383
"44"	"ELL3153A13"	"NoDesc"	0.9513647	127318	0.96209943	206	0.95342684	0.80658066	0.33221287	17454	1	0.7262642	75	46.72691	0.0010585438	165	0	49238327	0.0375517	288219	51643531	0	0.58131653	95274	24495053	16844	0.03662599	0	0.1555188	0.95342684	0.76901567	49238327	0.0021108878	404330	2838270	21073636	124	21087143	9370775	0.0015835778	418374	1.9454265	0.0055809314	0.9554889	207	0	98.11746
"45"	"ELL3153A140"	"NoDesc"	0.859588	167426	0.9494831	229	0.86086774	0.83450216	0.32567835	17852	1	0.65788716	75	36.180504	0.0010278173	167	0	35095608	0.050241016	444511	40767711	0	0.5560948	97835	17468562	16527	0.037115138	0	0.114980966	0.86086774	0.71839595	35095608	0.0018002366	267174	5589747	14940953	118	14942299	7254302	0.0014134529	276209	1.8149545	0.010903507	0.86214745	213	0	98.24322
"46"	"ELL3153A141"	"NoDesc"	0.736992	128395	0.93896216	293	0.73814064	0.8136743	0.31908697	16569	1	0.6473302	75	23.500183	0.0010137727	163	0	24674834	0.06059275	408437	33428364	0	0.60983396	92164	12275905	21690	0.048308857	0	0.12528794	0.73814064	0.6006061	24674834	0.0016738406	198756	5299646	10329533	117	10317403	4774467	0.001343293	204997	1.9481962	0.012218277	0.7392893	202	0	98.11217
"47"	"ELL3153A142"	"NoDesc"	0.95362043	476238	0.96467584	204	0.955328	0.80946577	0.34220618	18413	1	0.7211256	75	64.57829	0.0010767839	205	0	63928028	0.034987595	272239	66917358	0	0.56354046	98683	31809171	16531	0.032820377	0	0.15521008	0.955328	0.77330536	63928028	0.002100851	438637	4035110	27670528	158	27698157	12747686	0.0015879022	452764	1.6083453	0.0040682866	0.9570356	208	0	98.43953
"48"	"ELL3153A143"	"NoDesc"	0.9546686	344968	0.9573616	212	0.956306	0.82512116	0.30595854	17571	1	0.6394616	75	49.44556	0.0010599361	168	0	48829327	0.042237606	343867	51060359	0	0.5813768	96010	24304218	14029	0.032162886	0	0.13224044	0.956306	0.7890683	48829327	0.0020703664	366062	4564485	20833669	124	20827245	9923797	0.0015642862	377787	1.7815913	0.0067345197	0.95794344	211	0	98.27326
"49"	"ELL3153A144"	"NoDesc"	0.9558833	274087	0.9486588	156	0.9580272	0.7234872	0.33414373	20735	1	0.6979907	75	55.22016	0.0011607317	178	0	62194725	0.051021304	100376	64919581	0	0.5444996	106752	30880493	9256	0.020160701	0	0.22517157	0.9580272	0.6931204	62194725	0.0021968964	652255	3732044	26207828	144	26263762	10208960	0.0016776547	668505	2.4821713	0.0015461592	0.9601711	222	0	97.571655
"50"	"ELL3153A145"	"NoDesc"	0.94188124	342424	0.9481902	218	0.9439176	0.7899332	0.27637586	20094	1	0.68111175	75	39.48261	0.0011728816	146	0	44215516	0.0514134	95026	46842559	0	0.57204014	105765	21966941	15546	0.028965903	0	0.15825707	0.9439176	0.7456318	44215516	0.0021831256	426964	16634938	18591636	118	18632402	7888235	0.0016769139	437085	2.2920647	0.0020286252	0.94595397	210	0	97.75502
"51"	"ELL3153A146"	"NoDesc"	0.9581065	451210	0.9525328	189	0.9601906	0.759839	0.31606877	20939	1	0.67025834	75	54.087284	0.0011421887	184	0	58102351	0.047112964	121077	60511268	0	0.57534325	108442	28862975	12109	0.026326202	0	0.19269384	0.9601906	0.72959024	58102351	0.0021549603	566860	3816486	24636691	139	24694560	10469491	0.0016474754	581011	2.2987056	0.0020009	0.9622747	219	0	97.75088
"52"	"ELL3153A147"	"NoDesc"	0.95626837	454478	0.9601181	183	0.9583115	0.7751	0.36999768	18728	1	0.7017469	75	54.63478	0.0011336108	186	0	56700660	0.039545484	149951	59167257	0	0.57209873	99723	28181536	13130	0.02841973	0	0.18501815	0.9583115	0.7427872	56700660	0.0022188644	453318	3349101	24292785	138	24346717	10582640	0.0016750809	463893	1.8697364	0.0025343578	0.96035457	219	0	98.16812
"53"	"ELL3153A148"	"NoDesc"	0.013884042	5499	0.95542336	2164	0.013987449	0.7982811	0.23937611	11181	1	0.7124333	75	0.9645075	0.0013723795	150	0	1058334	0.04429131	14132	75663122	0	1.1276236	59487	521678	226744	0.43341812	0	0.15714227	0.013987449	0.011165915	1058334	0.0026464607	9144	79984	449452	118	454693	186646	0.0020047105	9444	2.034744	0.00018677527	0.014090855	45	0	98.00609
"54"	"ELL3153A149"	"NoDesc"	0.011148018	3733	0.95213413	1871	0.011232115	0.7974903	0.1880594	10111	1	0.54422855	75	0.69629467	0.0013636891	151	0	736182	0.04764854	12681	65542595	0	1.289174	51319	362672	241544	0.53258073	0	0.15464382	0.011232115	0.008957503	736182	0.0026341851	6383	54847	311177	117	314855	126537	0.001994181	6656	2.0702248	0.00019347723	0.011316214	28	0	97.98998
"55"	"ELL3153A14"	"NoDesc"	0.93959284	238737	0.96528673	186	0.94157696	0.8297841	0.36847696	17886	1	0.6737254	75	47.42398	0.0010267089	175	0	45692483	0.034404125	291617	48527615	0	0.58134216	97760	22729804	13673	0.03382999	0	0.1355026	0.94157696	0.78130555	45692483	0.0020250068	338731	2619592	19808593	120	19837349	9400433	0.001524806	351045	1.7388456	0.0060093	0.943561	213	0	98.31872
"56"	"ELL3153A150"	"NoDesc"	0.019047132	7558	0.95597756	1998	0.019173114	0.7986773	0.25942254	11854	1	0.5400185	75	1.3094523	0.001344221	154	0	1435154	0.043753494	18398	74852427	0	0.9996773	65053	708196	175085	0.3448612	0	0.15730019	0.019173114	0.015313132	1435154	0.0026131286	12059	77072	610800	119	617261	254784	0.0019745058	12502	1.9851912	0.00024579032	0.019299094	58	0	98.06393
"57"	"ELL3153A151"	"NoDesc"	0.011725641	3781	0.95511246	1805	0.011821671	0.7966234	0.24180101	10217	1	0.6001715	75	0.71074337	0.0014059982	159	0	751055	0.044657182	9362	63532047	0	1.2723594	51649	369508	227001	0.53328305	0	0.15848906	0.011821671	0.00941742	751055	0.002716982	6612	54363	318150	119	322488	130397	0.0020561654	6808	2.0674407	0.0001473587	0.011917702	36	0	97.96405
"58"	"ELL3153A152"	"NoDesc"	0.95894325	566917	0.94604284	153	0.9612483	0.7162276	0.39125928	20549	1	0.6858658	75	51.799538	0.0011540954	179	0	59521954	0.053652205	91473	61921517	0	0.5191738	106197	29546450	8226	0.015387119	0	0.22981524	0.9612483	0.68847257	59521954	0.0021992184	650054	3937801	24998498	137	25059054	9759598	0.0016754038	666900	2.5923238	0.0014772409	0.9635534	218	0	97.46553
"59"	"ELL3153A153"	"NoDesc"	0.9461312	1345963	0.9436977	181	0.94828856	0.76799387	0.26484045	21055	1	0.7617889	75	53.015083	0.0011205835	167	0	59358633	0.05588633	105997	62595538	0	0.5463148	108363	29484301	11630	0.02175377	0	0.17570387	0.94828856	0.72827977	59358633	0.0022167044	662520	9936982	24684796	146	24743457	10249831	0.0016673972	679066	2.6711195	0.0016933635	0.95044595	218	0	97.38623
"60"	"ELL3153A154"	"NoDesc"	0.9565216	361298	0.94931424	163	0.9586	0.75038826	0.36328164	21290	1	0.6440729	75	59.232967	0.0011218643	191	0	64985548	0.050300706	174420	67792146	0	0.5162261	109611	32278729	9230	0.019696929	0	0.19892594	0.9586	0.71932214	64985548	0.0021275268	672368	4763948	27418659	153	27476412	11303914	0.0016236054	690013	2.4497712	0.0025728645	0.9606784	222	0	97.60647
"61"	"ELL3153A155"	"NoDesc"	0.95742095	296229	0.95789164	200	0.9592379	0.78639495	0.3251823	18536	1	0.7016466	75	57.09563	0.0011021937	194	0	58571394	0.041802898	180215	61060341	0	0.58151853	99269	29127236	14158	0.028973881	0	0.17149667	0.9592379	0.7543399	58571394	0.0021256632	448166	4099761	25086911	145	25127214	11043291	0.0016129592	459736	1.7967597	0.0029514248	0.961055	213	0	98.24491
"62"	"ELL3153A156"	"NoDesc"	0.8684271	176159	0.9586203	203	0.869648	0.8248498	0.33470255	17953	1	0.6766933	75	35.936634	0.000968736	174	0	35473272	0.04109607	437746	40790380	0	0.5246355	98235	17656277	13451	0.029949745	0	0.13377063	0.869648	0.71732897	35473272	0.0016116832	278066	4104167	15249905	117	15247962	7232506	0.0012897584	286745	1.8458346	0.010731599	0.87086886	219	0	98.20925
"63"	"ELL3153A157"	"NoDesc"	0.62687	59993	0.9469131	381	0.62829936	0.8092003	0.41072628	15863	1	0.7130916	75	12.666498	0.001085388	166	0	14041794	0.052705657	374249	22348893	0	0.6443476	89356	6977185	30069	0.065309465	0	0.13771282	0.62829936	0.50842	14041794	0.0017427624	117111	2046639	5943947	117	5947770	2586697	0.0014133275	120765	1.990019	0.016745752	0.6297287	189	0	98.06781
"64"	"ELL3153A158"	"NoDesc"	0.17181233	23592	0.8994196	918	0.17224012	0.7752299	0.35275817	14143	1	0.58460736	75	3.4023538	0.0010427455	141	0	4476649	0.10038759	395015	25990744	0	0.71935123	80364	2222261	58302	0.118630685	0	0.124189764	0.17224012	0.13352568	4476649	0.001553231	46390	1992179	1808878	105	1812503	651887	0.0012973543	48791	2.6213484	0.015198295	0.17266794	157	0	97.49956
"65"	"ELL3153A159"	"NoDesc"	0.9517718	298501	0.9650629	204	0.9545632	0.79489	0.35283214	17690	1	0.6116786	75	49.18096	0.0012597532	170	0	52009236	0.034558438	342123	54484851	0	0.5380344	95432	25850567	15595	0.034859832	0	0.17017294	0.9545632	0.75877273	52009236	0.0025018223	388802	3091112	22304900	129	22352454	9824003	0.0018789716	400446	1.7599778	0.0062792315	0.95735466	210	0	98.28674
"66"	"ELL3153A15"	"NoDesc"	0.94884425	218612	0.962626	244	0.95128536	0.8068882	0.3557946	17303	1	0.59546643	75	43.271416	0.0010432141	166	0	45989928	0.037018303	287248	48345041	0	0.58461565	94470	22868470	20873	0.041660596	0	0.15573771	0.95128536	0.7675809	45989928	0.0021988037	363905	2724191	19727808	125	19753016	8900505	0.0016195262	378643	1.8808335	0.005941623	0.9537265	202	0	98.18878
"67"	"ELL3153A160"	"NoDesc"	0.94414	538901	0.9569094	171	0.94702876	0.7853349	0.32587975	19944	1	0.6993895	75	53.298378	0.001271038	180	0	55558383	0.042756427	138678	58665996	0	0.51514226	104945	27582280	10257	0.017860346	0	0.17157455	0.94702876	0.74373466	55558383	0.0024137946	512328	3563338	23620499	137	23704271	10334395	0.0018406734	528952	2.1827555	0.0023638566	0.9499174	212	0	97.87705
"68"	"ELL3153A161"	"NoDesc"	0.9312316	410695	0.95035815	229	0.93445164	0.8084558	0.30136386	19805	1	0.72196317	75	36.613064	0.0014315555	139	0	39649187	0.049248625	118064	42430433	0	0.55531543	104724	19670978	17981	0.033946525	0	0.14190225	0.93445164	0.7554629	39649187	0.0027087391	371444	13374845	16668859	119	16741353	7158248	0.0020679468	383703	2.2405941	0.002782531	0.9376716	211	0	97.8202
"69"	"ELL3153A162"	"NoDesc"	0.950918	343867	0.9481505	169	0.95409817	0.7455086	0.27002463	21358	1	0.6605142	75	58.56529	0.001390392	181	0	64193278	0.051493973	147219	67281634	0	0.5705436	109523	31840217	10990	0.020553274	0	0.20264193	0.95409817	0.7112884	64193278	0.002606815	641802	4826277	27033985	147	27147631	11215927	0.0019965763	660493	2.37518	0.002188101	0.9572782	215	0	97.68099
"70"	"ELL3153A163"	"NoDesc"	0.95154655	437423	0.9620324	211	0.9549864	0.782694	0.32466656	18197	1	0.5519589	75	48.38371	0.0014011329	169	0	50286504	0.03767309	148610	52656776	0	0.55803823	97954	24951191	16105	0.027487531	0	0.1793384	0.9549864	0.7474621	50286504	0.0027282871	384449	2660617	21608712	122	21710412	9518149	0.0020623198	396632	1.7941431	0.002822239	0.95842624	216	0	98.25196
"71"	"ELL3153A164"	"NoDesc"	0.9509018	487198	0.9625489	184	0.95386314	0.8041579	0.30221307	18145	1	0.6375623	75	50.050667	0.0013794185	174	0	49781316	0.037095685	289961	52189159	0	0.557591	98251	24717936	14624	0.03200259	0	0.15839106	0.95386314	0.7670566	49781316	0.0026092073	378319	2989541	21422798	123	21500161	9877323	0.001992404	391770	1.7895634	0.005555962	0.9568244	214	0	98.26469
"72"	"ELL3153A165"	"NoDesc"	0.950086	544984	0.9637436	201	0.9529517	0.8112291	0.29082158	17761	1	0.66275114	75	60.94623	0.0013233977	181	0	59731192	0.035885103	317956	62680187	0	0.58650196	95623	29685982	16731	0.035608932	0	0.15251453	0.9529517	0.7730621	59731192	0.0026597239	445328	3733481	25652464	145	25710904	11811478	0.0019895516	460919	1.7611268	0.0050726715	0.9558174	210	0	98.29362
"73"	"ELL3153A166"	"NoDesc"	0.9502638	435995	0.9648395	196	0.953204	0.8341363	0.34269053	18064	1	0.60288674	75	50.46278	0.0013252414	181	0	47838910	0.034823723	304997	50187487	0	0.5569389	98251	23766904	17392	0.032474115	0	0.1307032	0.953204	0.795102	47838910	0.0025733984	334422	3163821	20722547	124	20795249	10207003	0.0019473949	347916	1.6455247	0.006077152	0.956144	213	0	98.411835
"74"	"ELL3153A167"	"NoDesc"	0.9547562	309790	0.9635644	194	0.9577349	0.8086534	0.281554	17291	1	0.7290283	75	50.649258	0.0013347665	164	0	49762119	0.036121752	271355	51958137	0	0.55349493	94418	24725438	13243	0.028770491	0	0.15491098	0.9577349	0.7744756	49762119	0.002650447	362262	2729677	21382701	123	21441275	9799452	0.0019905607	376066	1.7237023	0.00522257	0.9607135	209	0	98.33403
"75"	"ELL3153A168"	"NoDesc"	0.9424445	694534	0.9480431	153	0.9460632	0.7234079	0.35835376	21285	1	0.729142	75	65.31004	0.0013682925	191	0	72417593	0.051661134	132531	76546249	0	0.5358869	108268	35898241	9162	0.0208458	0	0.22463517	0.9460632	0.68438965	72417593	0.0026653355	795047	5031574	30392172	159	30539053	12316652	0.0020143334	821358	2.6190917	0.0017313847	0.949682	222	0	97.45072
"76"	"ELL3153A169"	"NoDesc"	0.92615247	550856	0.9492333	256	0.9290615	0.80274236	0.3407271	19859	1	0.6608969	75	38.692566	0.0013721914	145	0	44437252	0.050323993	114055	47830261	0	0.58923787	105132	22059868	20282	0.038634293	0	0.14649104	0.9290615	0.745797	44437252	0.0026071635	422446	26824023	18657915	120	18731104	8121347	0.001987744	434774	2.2684793	0.0023845783	0.93197054	212	0	97.78597
"77"	"ELL3153A16"	"NoDesc"	0.9564893	319397	0.9485481	169	0.95914465	0.7319766	0.32920372	20128	1	0.6801644	75	51.846672	0.0011154223	173	0	57237514	0.051165517	99280	59675579	0	0.5603714	104946	28412814	12632	0.027786454	0	0.21657148	0.95914465	0.7020714	57237514	0.0022419407	610204	3254715	24097322	133	24177108	9562582	0.0016771222	627532	2.5298977	0.0016636621	0.9617999	223	0	97.53029
"78"	"ELL3153A170"	"NoDesc"	0.94555473	579635	0.95095515	171	0.9486562	0.76072204	0.3466844	21459	1	0.60199475	75	58.67983	0.0013371476	190	0	63360273	0.048633378	144197	66789499	0	0.5319483	110102	31435335	15353	0.03237281	0	0.19023308	0.9486562	0.72166365	63360273	0.0025496855	674897	5341142	26724259	149	26834234	11460767	0.0019414343	694063	2.5212715	0.002158977	0.9517576	216	0	97.5368
"79"	"ELL3153A171"	"NoDesc"	0.9500995	359657	0.9588208	192	0.9526885	0.7840584	0.3502668	19123	1	0.5762329	75	65.141	0.0013233969	218	0	67346650	0.040846236	183239	70691155	0	0.54572785	101106	33462397	13332	0.025917927	0	0.17476244	0.9526885	0.7469634	67346650	0.002524753	571954	4369167	28740496	163	28828135	12784423	0.0019224426	586492	1.9938787	0.0025921066	0.95527756	211	0	98.04877
"80"	"ELL3153A172"	"NoDesc"	0.95547616	194783	0.9639067	250	0.9580212	0.84115505	0.27870083	18365	1	0.6138034	75	51.719482	0.0013028958	173	0	48071732	0.035770815	278456	50178149	0	0.5879863	99617	23902443	16885	0.035244342	0	0.1227516	0.9580212	0.8058444	48071732	0.002558427	384510	2912661	20752227	122	20802049	10520227	0.0019289937	397894	1.8768635	0.005549348	0.96056634	208	0	98.180855
"81"	"ELL3153A173"	"NoDesc"	0.9413737	310765	0.9653965	201	0.9436696	0.8333531	0.33181322	17817	1	0.61128104	75	46.68985	0.0012588332	170	0	45297640	0.03414368	270341	48001587	0	0.55822706	96965	22526184	12679	0.028414616	0	0.13204348	0.9436696	0.78641	45297640	0.0023167096	360211	2795835	19462203	120	19487845	9645956	0.0017864845	371966	1.8729583	0.0056319176	0.9459655	224	0	98.182816
"82"	"ELL3153A174"	"NoDesc"	0.9516212	440661	0.9664291	214	0.9542889	0.83910835	0.27843037	19088	1	0.5871627	75	64.01751	0.0012485092	199	0	59589057	0.0332356	338531	62443413	0	0.5756544	101921	29627201	19204	0.03963175	0	0.12732075	0.9542889	0.8007518	59589057	0.0024903717	468134	3669382	25785427	148	25858469	13065177	0.0018677047	485837	1.8441821	0.0054214047	0.9569567	209	0	98.21688
"83"	"ELL3153A175"	"NoDesc"	0.9519869	407901	0.9633799	203	0.95480275	0.83209294	0.37035137	18077	1	0.6494109	75	53.81604	0.0012721719	180	0	52855267	0.03615549	304928	55357266	0	0.5293816	97964	26274044	12068	0.025198204	0	0.13128695	0.95480275	0.7944846	52855267	0.0026021348	416850	3553037	22647574	132	22696308	11100884	0.0019351923	432805	1.8712565	0.0055083646	0.9576185	214	0	98.19267
"84"	"ELL3153A176"	"NoDesc"	0.9284196	612075	0.9515786	174	0.93135625	0.756657	0.27549243	20547	1	0.6348463	75	54.315647	0.001323902	183	0	58741838	0.04805253	120715	63071290	0	0.5125282	106518	29145211	12988	0.02576662	0	0.19492166	0.93135625	0.7047172	58741838	0.0024340868	633367	4022393	24749401	138	24838890	10633786	0.0018772442	651855	2.5572224	0.0019139454	0.9342929	213	0	97.50473
"85"	"ELL3153A177"	"NoDesc"	0.9340073	495702	0.9458706	197	0.93752646	0.78218615	0.36739713	20376	1	0.6497792	75	42.295887	0.0013850511	146	0	48881509	0.05370352	103361	52138805	0	0.5640505	106743	24246890	13252	0.02795592	0	0.16368441	0.93752646	0.73332024	48881509	0.0028024118	496879	21059038	20423852	121	20535681	8694453	0.0020910713	511174	2.428743	0.0019824198	0.9410456	222	0	97.62494
"86"	"ELL3153A178"	"NoDesc"	0.9479061	627826	0.9509018	193	0.9511799	0.7674931	0.31610075	20779	1	0.5902327	75	47.642326	0.0013359587	169	0	51649261	0.048657503	130788	54300198	0	0.54986686	108358	25616858	14242	0.028738683	0	0.1834087	0.9511799	0.73002404	51649261	0.0025289687	533847	4193067	21802999	124	21897729	9442526	0.0019304106	549433	2.4476724	0.00240861	0.95445377	208	0	97.61002
"87"	"ELL3153A179"	"NoDesc"	0.95404595	483716	0.95725405	130	0.95683235	0.7669539	0.3321274	19855	1	0.61250293	75	76.20762	0.0013293896	240	0	80735423	0.042420078	206052	84377818	0	0.5677642	103014	40109613	10437	0.021513157	0	0.19030021	0.95683235	0.7338463	80735423	0.0025886395	702766	5250496	34366523	190	34482382	14809658	0.0019571811	720630	2.047069	0.0024420163	0.95961875	216	0	97.99606
"88"	"ELL3153A17"	"NoDesc"	0.9424751	155806	0.9429332	185	0.9460756	0.7557322	0.28738576	20120	1	0.6749961	75	36.195087	0.0012232017	146	0	43067079	0.05669936	97373	45521814	0	0.5755092	105418	21353165	15048	0.03195556	0	0.18720105	0.9460756	0.71497977	43067079	0.0024243994	443298	6868960	17979213	123	18056673	7114453	0.0018215148	458499	2.4763422	0.0021390403	0.94967616	211	0	97.593704
"89"	"ELL3153A180"	"NoDesc"	0.93859327	399399	0.9651341	188	0.940952	0.83929086	0.2751722	18388	1	0.61623305	75	54.723408	0.0012662587	189	0	51895764	0.034524012	286767	55152403	0	0.55487037	99597	25806750	17575	0.038577028	0	0.12584332	0.940952	0.7897324	51895764	0.0023939044	386827	3462772	22444813	130	22493700	11199848	0.0018286682	401115	1.7519904	0.0051995376	0.9433107	212	0	98.30574
"90"	"ELL3153A181"	"NoDesc"	0.94665337	383037	0.9625143	248	0.9491175	0.82857233	0.36834085	18350	1	0.61749256	75	53.393753	0.0012743998	180	0	52499574	0.037141845	310684	55314096	0	0.5790742	99009	26106596	20416	0.04475613	0	0.13394198	0.9491175	0.7864125	52499574	0.0024412163	401087	3498666	22521395	130	22561167	10976052	0.0018562934	416346	1.8119717	0.005616724	0.95158154	210	0	98.250244
"91"	"ELL3153A182"	"NoDesc"	0.94650596	515278	0.9652666	185	0.9493284	0.8364524	0.32007232	18511	1	0.7198989	75	55.612732	0.0012710434	186	0	52799074	0.03439335	297045	55617290	0	0.5401052	100051	26243851	12780	0.024997408	0	0.12881422	0.9493284	0.79406804	52799074	0.002523574	396946	3511531	22820621	132	22892228	11360923	0.0018954468	412115	1.7684042	0.005340875	0.9521508	216	0	98.29031
"92"	"ELL3153A183"	"NoDesc"	0.9372879	468696	0.96356016	224	0.939676	0.8345847	0.37041834	17889	1	0.63927376	75	46.283527	0.0012418006	171	0	44668226	0.036079273	276298	47535773	0	0.6151049	97539	22212462	21358	0.048386842	0	0.12897544	0.939676	0.78423923	44668226	0.0023125266	355324	2928980	19184502	122	19218404	9532130	0.0017758032	368564	1.8816797	0.005812423	0.9420641	215	0	98.18154
"93"	"ELL3153A184"	"NoDesc"	0.948812	517823	0.9529362	163	0.95180315	0.77115256	0.33958307	19979	1	0.5943228	75	45.733036	0.0013165156	170	0	48081786	0.046680443	96742	50516518	0	0.54800236	104879	23859846	12681	0.02644685	0	0.18178356	0.95180315	0.7339855	48081786	0.0024270073	522565	3446493	20277321	124	20349045	9120299	0.0018700165	537679	2.574262	0.0019150567	0.9547945	215	0	97.48765
"94"	"ELL3153A185"	"NoDesc"	0.9394027	293122	0.94919926	209	0.9418545	0.79167527	0.37897328	19997	1	0.6625874	75	44.550354	0.0014030574	149	0	50935446	0.050411336	111389	54079956	0	0.5791601	105287	25299368	17751	0.0361473	0	0.15752389	0.9418545	0.7456429	50935446	0.0025737723	538159	11838933	21274936	129	21337112	9000502	0.001986891	551668	2.5203233	0.0020597095	0.9443062	207	0	97.53286
"95"	"ELL3153A186"	"NoDesc"	0.94981843	453834	0.9552883	158	0.95284986	0.7748918	0.41269568	20910	1	0.62936217	75	52.274857	0.0013412859	179	0	55536261	0.044344164	151075	58284377	0	0.54036164	108458	27560458	10512	0.022984384	0	0.18039656	0.95284986	0.7383555	55536261	0.0024842704	534038	3696621	23583145	133	23680892	10396152	0.00191096	549236	2.2667482	0.0025920325	0.9558813	221	0	97.78565
"96"	"ELL3153A187"	"NoDesc"	0.9508589	600676	0.9607518	193	0.9535833	0.778197	0.3143775	18908	1	0.67649066	75	60.971596	0.0013435853	200	0	63798123	0.038936317	167427	66903568	0	0.51877266	100061	31687066	15341	0.030708287	0	0.18255477	0.9535833	0.7420756	63798123	0.002504757	545233	3661452	27289948	153	27386076	11966717	0.0019225124	559487	2.0020602	0.0025025122	0.95630765	217	0	98.041214
"97"	"ELL3153A188"	"NoDesc"	0.93935275	342178	0.9647609	222	0.94164646	0.82736695	0.31709766	18359	1	0.6674827	75	54.07616	0.0013115035	183	0	52152788	0.03488429	283854	55384682	0	0.57490504	99378	25924936	18509	0.03683955	0	0.13739401	0.94164646	0.7790871	52152788	0.002388735	397745	3329470	22513328	132	22571656	10941479	0.0018488073	409011	1.7798047	0.0051251356	0.94394016	204	0	98.26397
"98"	"ELL3153A189"	"NoDesc"	0.94626826	527234	0.9655343	188	0.94879276	0.8222046	0.32343048	18663	1	0.57362515	75	56.9978	0.0012962709	190	0	55185836	0.034090232	269292	58164269	0	0.5641825	99995	27426048	13471	0.028571611	0	0.14332972	0.94879276	0.7801018	55185836	0.0024445173	447499	3455477	23835369	138	23905385	11620199	0.0018688665	461477	1.8938713	0.0046298527	0.95131725	221	0	98.15714
"99"	"ELL3153A18"	"NoDesc"	0.95244783	138669	0.9482712	184	0.95584136	0.7406268	0.33285213	20875	1	0.69607645	75	48.087418	0.0012176784	164	0	54390110	0.051426884	130430	56902866	0	0.5385558	108303	26975954	12679	0.025313498	0	0.20764434	0.95584136	0.70792174	54390110	0.002398492	562301	3631073	22903019	127	23004542	9071995	0.0018059891	581206	2.4642255	0.0022921518	0.9592349	218	0	97.6037
"100"	"ELL3153A190"	"NoDesc"	0.93898505	516930	0.9641585	199	0.9412311	0.81835806	0.31853637	18489	1	0.6305497	75	56.500103	0.0012975737	185	0	54778717	0.035464287	275293	58199007	0	0.5443482	99588	27228935	12506	0.028454999	0	0.14580041	0.9412311	0.770264	54778717	0.0023512775	421548	4042573	23626349	136	23685924	11323516	0.0018231685	433843	1.7987031	0.004730201	0.94347715	217	0	98.24705
"101"	"ELL3153A191"	"NoDesc"	0.94164795	248986	0.96427596	179	0.94424003	0.80819345	0.3116223	18270	1	0.64151114	75	51.22702	0.0013080263	177	0	51001638	0.03536294	260295	54013428	0	0.5558606	98646	25338517	11053	0.023282805	0	0.1560825	0.94424003	0.7631286	51001638	0.0024279929	408618	3081830	21976463	129	22043262	10251912	0.0018664723	421405	1.8758568	0.0048190793	0.94683194	211	0	98.17461
"102"	"ELL3153A192"	"NoDesc"	0.94276905	230605	0.9543391	155	0.9456867	0.7570585	0.3689552	20588	1	0.61935955	75	54.43	0.0013373708	178	0	58356976	0.045344554	125142	61708571	0	0.5243575	106545	28963010	8719	0.019686604	0	0.19728066	0.9456867	0.7159401	58356976	0.0024554394	603793	3555821	24702388	137	24793983	10601180	0.0018946806	619944	2.4393868	0.0020279516	0.94860435	221	0	97.61405
"103"	"ELL3153A193"	"NoDesc"	0.9173552	1366039	0.9526601	238	0.91994786	0.8333657	0.2544607	19018	1	0.68799025	75	30.88151	0.0013070215	144	0	32454207	0.046803486	142347	35278310	0	0.59649026	102337	16108680	20999	0.045241937	0	0.11929433	0.91994786	0.766653	32454207	0.0024130794	284464	13424156	13728441	115	13782928	6110669	0.0018584919	293172	2.0827644	0.004034972	0.9225405	204	0	97.96999
"104"	"ELL3153A194"	"NoDesc"	0.94778657	2865080	0.9516977	171	0.9503041	0.7487303	0.2740304	21162	1	0.676199	75	51.69541	0.0012673568	168	0	56320029	0.047851395	141665	59265269	0	0.54458535	108622	27943028	13334	0.026161257	0	0.20296735	0.9503041	0.7115215	56320029	0.0023165825	603583	4251569	23734991	124	23813895	10009391	0.0017905799	620199	2.5382526	0.0023903544	0.9528217	214	0	97.52006
"105"	"ELL3153A195"	"NoDesc"	0.95624256	1869822	0.9617609	221	0.95903045	0.76914364	0.3324763	18549	1	0.680901	75	50.38698	0.0012803638	174	0	53273987	0.037917078	155109	55549841	0	0.57927346	99070	26452303	15509	0.03327333	0	0.19261722	0.95903045	0.73763216	53273987	0.002410056	437666	3065283	22832672	124	22916702	9766362	0.0018435679	449523	1.9238154	0.0027922492	0.96181834	212	0	98.1192
"106"	"ELL3153A196"	"NoDesc"	0.95875067	1838812	0.9675525	197	0.9609013	0.8333768	0.27654535	18439	1	0.6003155	75	56.501434	0.0012281908	186	0	53778278	0.03207453	308208	55966498	0	0.5775533	99306	26744079	14126	0.026294872	0	0.13417566	0.9609013	0.8007929	53778278	0.0023438525	428978	2722213	23290492	131	23336461	11321053	0.0017847732	444586	1.8694971	0.005507009	0.9630519	220	0	98.191444
"107"	"ELL3153A197"	"NoDesc"	0.95757115	1597007	0.96571165	195	0.9600873	0.8209941	0.3200729	17610	1	0.6209935	75	50.189774	0.0012599123	166	0	49970689	0.033852305	295617	52048068	0	0.5823436	95995	24839940	13394	0.02923452	0	0.1447175	0.9600873	0.788226	49970689	0.0024464296	397532	2497131	21466549	121	21510801	10060265	0.0018516162	413518	1.8861156	0.005679692	0.9626034	205	0	98.18181
"108"	"ELL3153A198"	"NoDesc"	0.95597255	2592769	0.9675307	183	0.9586307	0.82901335	0.30875695	18478	1	0.73767656	75	57.168667	0.0012543233	190	0	55047950	0.03208254	327054	57423523	0	0.56248313	99535	27358049	13183	0.027958991	0	0.13851734	0.9586307	0.79471767	55047950	0.0024631536	432106	2891400	23820997	132	23896265	11501128	0.0018570625	449068	1.8445754	0.0056954706	0.9612888	216	0	98.218346
"109"	"ELL3153A199"	"NoDesc"	0.9556929	2458175	0.9666014	174	0.9583478	0.8209636	0.27757722	18216	1	0.5720331	75	62.63706	0.0012606267	188	0	62933929	0.032987468	350837	65669195	0	0.56374025	97890	31285160	15129	0.02633402	0	0.14563777	0.9583478	0.7867686	62933929	0.0025239429	489187	3091974	27090290	149	27153147	12666064	0.0018905349	509180	1.8406982	0.0053424896	0.9610027	205	0	98.22627
"110"	"ELL3153A19"	"NoDesc"	0.9543817	138135	0.9584435	165	0.9573674	0.77101284	0.29412913	18543	1	0.6641255	75	50.21755	0.0011955012	172	0	53769815	0.04127485	142575	56164245	0	0.5449901	99090	26701090	9479	0.018821992	0	0.18743068	0.9573674	0.7381426	53769815	0.0023588059	431856	2861851	22996588	131	23080987	9508518	0.0017753396	446215	1.8965919	0.002538537	0.9603531	220	0	98.1567
"111"	"ELL3153A1"	"NoDesc"	0.9129322	111220	0.951866	268	0.9165972	0.82027555	0.31349367	19307	1	0.7606776	75	31.96129	0.0012198554	147	0	34977577	0.047474958	161793	38160249	0	0.6194804	103355	17338961	20122	0.04187756	0	0.13159043	0.9165972	0.7518622	34977577	0.002583591	324130	18951033	14739739	120	14808511	6385795	0.0018989968	337344	2.2273026	0.004239831	0.92026216	201	0	97.8483
"112"	"ELL3153A200"	"NoDesc"	0.9496158	1647854	0.93185705	176	0.9536609	0.7009789	0.33787385	20411	1	0.6715061	75	46.851284	0.0013113264	160	0	54342514	0.06780654	117263	56983057	0	0.5082253	105515	26918242	9917	0.020986805	0	0.23087822	0.9536609	0.66849613	54342514	0.0026203769	607186	7288725	22405106	117	22544998	8757368	0.0019630755	627323	2.7072084	0.0020578573	0.95770603	225	0	97.36147
"113"	"ELL3153A201"	"NoDesc"	0.92475754	1864600	0.9586431	240	0.9273643	0.8239216	0.30062905	19737	1	0.7060136	75	37.507988	0.0012843619	157	0	38095983	0.0408689	72626	41079846	0	0.5814549	104564	18912625	17062	0.036106154	0	0.13472147	0.9273643	0.76407546	38095983	0.0023773378	319561	13295278	16202345	118	16271623	7612041	0.0018293137	327794	1.974732	0.0017679228	0.9299709	210	0	98.065834
"114"	"ELL3153A202"	"NoDesc"	0.9517098	3001248	0.95939535	159	0.9546225	0.79036427	0.35545063	20952	1	0.6825106	75	56.334988	0.0012871497	183	0	58031468	0.0401878	166494	60789963	0	0.52991056	108437	28802791	8814	0.019107865	0	0.169031	0.9546225	0.75449955	58031468	0.0024573577	510956	3282534	24832361	134	24930698	11106381	0.0018704685	529340	2.0791013	0.0027388402	0.9575352	224	0	97.983864
"115"	"ELL3153A203"	"NoDesc"	0.94075805	2132548	0.9641413	195	0.9431987	0.8022316	0.33380774	18124	1	0.652607	75	47.281902	0.0012622284	177	0	47855719	0.03545599	146194	50737686	0	0.5548554	97773	23769397	12832	0.028898297	0	0.16190965	0.9431987	0.7566638	47855719	0.002284342	352693	3218233	20610608	118	20670280	9400805	0.0017719626	364594	1.7332835	0.002881369	0.9456393	213	0	98.31757
"116"	"ELL3153A204"	"NoDesc"	0.9558852	1784703	0.96957105	221	0.9580888	0.8479352	0.27171823	18291	1	0.65166515	75	59.899612	0.0012965773	195	0	55029355	0.03003337	245439	57436590	0	0.58680147	98648	27368654	14928	0.02989205	0	0.12163588	0.9580888	0.81239724	55029355	0.0024546003	409975	2694719	23924023	136	23967667	11981887	0.0018742571	426939	1.7501369	0.0042732167	0.96029234	217	0	98.31522
"117"	"ELL3153A205"	"NoDesc"	0.95834845	1719680	0.96678483	155	0.9606564	0.8349456	0.3558684	18217	1	0.65955144	75	68.79232	0.0013157808	203	0	64955687	0.0327646	299547	67615941	0	0.5539593	97947	32307749	12338	0.027251363	0	0.13183926	0.9606564	0.80209583	64955687	0.0025357185	499165	3078248	27976707	156	28020694	13593234	0.0019242842	519637	1.8207111	0.0044301236	0.96296424	222	0	98.24707
"118"	"ELL3153A206"	"NoDesc"	0.9553537	2316752	0.9700651	154	0.95779616	0.8427244	0.29823095	18459	1	0.6909185	75	69.564575	0.0013172932	215	0	64394117	0.029528381	288276	67231547	0	0.56255084	99253	32019779	12239	0.028451543	0	0.12734072	0.95779616	0.8071582	64394117	0.0025709227	465286	3321070	28007055	158	28071531	13682880	0.0019425096	486730	1.7043406	0.0042878087	0.96023864	212	0	98.36584
"119"	"ELL3153A207"	"NoDesc"	0.9399477	1196239	0.9686783	198	0.94218534	0.8413411	0.29045638	17321	1	0.6178838	75	46.304237	0.0012486242	170	0	44453403	0.030905012	220393	47181166	0	0.5936574	95138	22106019	15057	0.032836113	0	0.1273372	0.94218534	0.7926992	44453403	0.0022925518	322796	2146970	19205450	117	19235953	9359398	0.0017693484	336428	1.7188916	0.004671207	0.9444229	216	0	98.34703
"120"	"ELL3153A208"	"NoDesc"	0.9538402	2224459	0.9564303	159	0.95665526	0.775426	0.33239952	20492	1	0.6980908	75	60.288723	0.0013040735	189	0	62969961	0.043200806	155958	65823044	0	0.5524178	106310	31260140	13648	0.029923787	0	0.18100433	0.95665526	0.7418153	62969961	0.0024969738	556635	3668612	26838844	147	26930771	11633754	0.0018987685	575520	2.0923214	0.0023693526	0.95947033	216	0	97.96814
"121"	"ELL3153A20"	"NoDesc"	0.8654066	79977	0.95854557	263	0.86735165	0.84209	0.34212148	17712	1	0.6756199	75	32.34369	0.0010653174	159	0	31860494	0.04118442	315495	36733077	0	0.5844258	97377	15845462	23826	0.046131864	0	0.1164556	0.86735165	0.73038816	31860494	0.0019147913	245244	3016351	13683442	115	13693782	6402465	0.0014891018	255042	1.8284122	0.008588853	0.8692967	216	0	98.23929
"122"	"ELL3153A21"	"NoDesc"	0.9357688	111392	0.9585908	208	0.93815947	0.8187907	0.3481496	17913	1	0.67253166	75	42.854374	0.0011080888	159	0	44610554	0.041066583	304934	47551139	0	0.61457974	97493	22183338	19708	0.039427906	0	0.13980015	0.93815947	0.76815623	44610554	0.0021484527	350734	3171008	19087466	115	19106185	8558930	0.0016269451	364092	1.8699889	0.006412759	0.9405503	203	0	98.19565
"123"	"ELL3153A22"	"NoDesc"	0.9107862	102653	0.9616814	205	0.91298175	0.8385593	0.40620846	17981	1	0.65504223	75	40.49229	0.0010724177	166	0	38903760	0.03801558	305466	42611758	0	0.5506486	98247	19347507	14784	0.034318265	0	0.12312208	0.91298175	0.7655894	38903760	0.0020262245	298954	3252565	16784352	119	16807853	8072163	0.0015481743	311114	1.8173642	0.0071685845	0.9151773	214	0	98.25002
"124"	"ELL3153A23"	"NoDesc"	0.90127486	105024	0.9553848	230	0.90330005	0.8170082	0.36776355	17937	1	0.6040487	75	37.93445	0.001060333	160	0	40032435	0.04424617	338415	44317984	0	0.60417074	97839	19910017	20358	0.03707292	0	0.13837664	0.90330005	0.7380035	40032435	0.0019709214	325770	4240870	17091996	118	17098245	7794945	0.0015146065	336937	1.932512	0.0076360647	0.9053251	204	0	98.12967
"125"	"ELL3153A24"	"NoDesc"	0.9558461	242522	0.9523434	154	0.9590281	0.744944	0.3194209	20369	1	0.7501413	75	54.021793	0.0012008244	172	0	59431291	0.047366157	126010	61970331	0	0.5477083	106045	29489573	11716	0.02443873	0	0.20739937	0.9590281	0.7144222	59431291	0.0023961747	545389	3181794	25196082	139	25295364	10041374	0.0017965164	563896	2.1806347	0.0020333924	0.9622101	216	0	97.88129
"126"	"ELL3153A25"	"NoDesc"	0.91915905	655846	0.95336276	236	0.9223971	0.81816703	0.3416542	19629	1	0.7155268	75	36.281693	0.0012632387	146	0	39172153	0.046157792	113076	42467777	0	0.59831554	104620	19434821	18544	0.035664488	0	0.13519576	0.9223971	0.7546749	39172153	0.0025822958	356915	23028005	16597812	121	16673767	7319798	0.001920452	370719	2.1750083	0.0026626305	0.9256351	199	0	97.89489
"127"	"ELL3153A26"	"NoDesc"	0.9491215	492253	0.9512425	160	0.9520958	0.74386287	0.28975084	21231	1	0.67060614	75	54.66492	0.0012694425	181	0	61335933	0.04835717	154095	64422015	0	0.5399613	109072	30427278	12444	0.025052797	0	0.20737956	0.9520958	0.70822877	61335933	0.002408873	599123	4001166	25950307	143	26047950	10492977	0.0018373779	619334	2.3224487	0.0023919619	0.95507014	226	0	97.74337
"128"	"ELL3153A27"	"NoDesc"	0.94956887	283625	0.958544	151	0.95244664	0.7574014	0.31056324	19231	1	0.781591	75	69.282326	0.0012693597	213	0	74050975	0.041144643	184041	77748157	0	0.5544097	101032	36773307	10043	0.023359563	0	0.20114261	0.95244664	0.7213844	74050975	0.0025447397	576050	4868276	31696642	174	31800686	12922988	0.0019051229	594695	1.8357402	0.0023671428	0.9553245	224	0	98.21506
"129"	"ELL3153A28"	"NoDesc"	0.9278063	210789	0.9652602	169	0.93041724	0.83101547	0.31592023	18065	1	0.74822074	75	47.972588	0.0012168074	170	0	46451900	0.034334913	314957	49925881	0	0.55774707	98329	23081602	12403	0.025657628	0	0.13424481	0.93041724	0.77319115	46451900	0.002361484	334068	3088952	20122830	121	20175662	9440498	0.0017875397	347610	1.6937357	0.006308492	0.93302816	214	0	98.36697
"130"	"ELL3153A29"	"NoDesc"	0.94039226	206496	0.9622051	210	0.9429222	0.8133495	0.3243784	17732	1	0.6247715	75	48.048878	0.0012272443	162	0	49662826	0.03739161	300811	52669061	0	0.5802035	96313	24685899	17132	0.036517493	0	0.14885561	0.9429222	0.7669253	49662826	0.0023974082	382029	3355064	21303894	124	21334551	9567067	0.0018107564	398480	1.8335223	0.0057113417	0.94545215	203	0	98.23835
"131"	"ELL3153A2"	"NoDesc"	0.95287746	271440	0.9460485	173	0.95615715	0.74219066	0.31937334	20932	1	0.76759666	75	50.770298	0.0012011293	166	0	57322163	0.053629115	161863	59950566	0	0.57773817	108168	28431532	10946	0.022563629	0	0.2038578	0.95615715	0.70965093	57322163	0.0024375296	606482	3576149	24030650	135	24126744	9508342	0.001817209	626779	2.53208	0.0026999412	0.95943683	212	0	97.538345
"132"	"ELL3153A30"	"NoDesc"	0.9320515	218975	0.96400714	220	0.9347999	0.82563835	0.36756375	17999	1	0.5946303	75	48.507538	0.0012166426	169	0	47421626	0.035594773	296042	50729173	0	0.5542839	98165	23558260	17323	0.034590587	0	0.13836884	0.9347999	0.77180666	47421626	0.0024179304	348608	3421941	20469916	123	20523737	9501243	0.0018155206	363617	1.7408476	0.005835735	0.93754834	222	0	98.32549
"133"	"ELL3153A31"	"NoDesc"	0.94117427	204968	0.9636354	212	0.94387496	0.8199343	0.3699537	17553	1	0.6873057	75	47.908585	0.0012325299	163	0	48877963	0.035968173	293688	51784365	0	0.6193717	95492	24293197	16707	0.03770064	0	0.14370109	0.94387496	0.77391547	48877963	0.0024441795	369255	2967902	20993260	125	21026880	9386322	0.0018366212	385915	1.8022635	0.0056713643	0.9465755	218	0	98.27148
"134"	"ELL3153A32"	"NoDesc"	0.94477224	222957	0.9554674	182	0.9479164	0.75712204	0.35257444	20206	1	0.73989403	75	54.570564	0.0012488317	177	0	58685930	0.044185344	137095	61910448	0	0.5915173	105453	29115358	12691	0.028535903	0	0.19834541	0.9479164	0.7176884	58685930	0.002480819	504578	3900242	24985946	139	25081620	10385036	0.0018627819	522920	2.042294	0.0022144082	0.95106065	225	0	98.02052
"135"	"ELL3153A33"	"NoDesc"	0.9304698	164998	0.94274944	185	0.9342761	0.7444058	0.3280316	20270	1	0.64547807	75	36.26726	0.0012752851	143	0	43125300	0.05687418	98065	46159052	0	0.54486966	105991	21373638	11188	0.024334066	0	0.19834363	0.9342761	0.6954806	43125300	0.0025783968	458642	10201830	17983675	123	18083000	7041365	0.0019241865	474063	2.554623	0.002124502	0.93808246	224	0	97.513115
"136"	"ELL3153A34"	"NoDesc"	0.94636476	175708	0.95387185	166	0.94985026	0.76993257	0.35284024	20657	1	0.6820389	75	49.675713	0.0012727506	171	0	53440155	0.04574485	137933	56261665	0	0.55752635	107637	26504888	11434	0.024266373	0	0.18393932	0.94985026	0.7313206	53440155	0.002537827	485913	3225019	22704688	129	22813517	9534558	0.0019029678	503158	2.157932	0.0024516338	0.95333576	226	0	97.90471
"137"	"ELL3153A35"	"NoDesc"	0.9358257	128743	0.96126264	169	0.9388328	0.7851681	0.392258	18169	1	0.6731536	75	49.930027	0.001243231	171	0	51595671	0.03839227	145293	54957251	0	0.53061104	97788	25618309	10937	0.022850255	0	0.17609458	0.9388328	0.7371416	51595671	0.0024654614	388886	3459504	22131779	127	22213570	9649967	0.0018523887	402104	1.7779881	0.0026437456	0.94183993	225	0	98.27322
"138"	"ELL3153A36"	"NoDesc"	0.937983	106300	0.9658512	184	0.9408605	0.83232486	0.28405616	17641	1	0.67453057	75	46.828156	0.0012489533	171	0	44751795	0.033753328	312179	47564754	0	0.5576502	96945	22231187	13660	0.030758422	0	0.13352633	0.9408605	0.78310156	44751795	0.0024821586	291411	2635203	19433052	120	19496337	9031307	0.0018636703	303874	1.5347008	0.0065632425	0.9437379	219	0	98.52258
"139"	"ELL3153A37"	"NoDesc"	0.13352568	32394	0.80841565	1310	0.13377398	0.69120073	0.3023797	13518	1	0.64907575	75	2.3067212	0.0011894724	139	0	3708982	0.19136788	413389	27725735	0	0.86760235	75106	1842498	93343	0.20520402	0	0.11721491	0.13377398	0.09246467	3708982	0.0017287784	41833	7606475	1328945	101	1331655	432112	0.0014586247	43273	3.1472921	0.014909938	0.13402227	112	0	96.94823
"140"	"ELL3153A38"	"NoDesc"	0.64653665	69767	0.91467506	306	0.64786804	0.79713786	0.38765517	16760	1	0.6762147	75	16.425333	0.0010832536	170	0	17999292	0.0850099	570549	27782345	0	0.60837466	93701	8946411	29509	0.06308577	0	0.11753718	0.64786804	0.5164401	17999292	0.001798283	149982	9060042	7357119	119	7363403	3333032	0.0014400337	156807	2.0851412	0.020536387	0.64919937	201	0	98.00213
"141"	"ELL3153A39"	"NoDesc"	0.7438259	70250	0.927121	272	0.74567556	0.791512	0.3648495	16879	1	0.6917113	75	18.93359	0.0011416352	168	0	21221964	0.072489284	538067	28460050	0	0.5944869	93391	10543948	18370	0.039108906	0	0.13560903	0.74567556	0.5902112	21221964	0.0019734015	185149	6327349	8743579	116	8754287	3854618	0.0015564867	193478	2.1623054	0.018906046	0.7475253	208	0	97.92637
"142"	"ELL3153A3"	"NoDesc"	0.9539773	163258	0.95834553	179	0.9570415	0.7785172	0.32776874	18622	1	0.6554724	75	56.94926	0.0011791989	183	0	59957080	0.04138127	162016	62648358	0	0.597028	99171	29775670	11815	0.025351847	0	0.17982839	0.9570415	0.74507326	59957080	0.002440201	456248	3466483	25606030	148	25694366	10732159	0.0018076812	471199	1.8008364	0.0025861172	0.9601057	215	0	98.24939
"143"	"ELL3153A40"	"NoDesc"	0.94703174	128997	0.95673126	188	0.9509865	0.76774496	0.3641869	19582	1	0.65923774	75	45.007645	0.0012730208	162	0	48558304	0.04294423	114074	51060981	0	0.570618	103753	24072124	13978	0.028508145	0	0.1889863	0.9509865	0.7301151	48558304	0.002634559	416378	2808067	20682812	123	20796507	8755356	0.0019509589	431962	2.0348241	0.0022340738	0.95494133	216	0	98.02657
"144"	"ELL3153A41"	"NoDesc"	0.91823184	229046	0.93010646	244	0.9208349	0.76260227	0.3288446	19956	1	0.710317	75	32.668957	0.0011224627	147	0	37520822	0.0694561	86244	40746530	0	0.5579261	105144	18624503	20210	0.04339629	0	0.16750416	0.9208349	0.70223075	37520822	0.0022853105	390409	26643288	15389612	120	15445840	6580098	0.0017022431	399874	2.5235467	0.0021165975	0.9234377	204	0	97.525925
"145"	"ELL3153A42"	"NoDesc"	0.9472025	170799	0.9510755	193	0.9497313	0.74182826	0.35491154	21250	1	0.6553804	75	51.5412	0.0011356296	172	0	58379603	0.048477188	147642	61469599	0	0.54408485	109387	28977042	16021	0.0341016	0	0.20924726	0.9497313	0.7045375	58379603	0.0022767733	585703	4579486	24685016	136	24765542	10062502	0.0017046821	601403	2.3708138	0.0024018702	0.95226014	213	0	97.68228
"146"	"ELL3153A43"	"NoDesc"	0.9490345	322671	0.95905185	167	0.9514144	0.77501094	0.32203734	18970	1	0.65272564	75	55.053234	0.0011204547	184	0	58050185	0.04061746	168197	61014614	0	0.52701855	100600	28840075	11554	0.022912556	0	0.18404086	0.9514144	0.73735654	58050185	0.002299282	461184	3847268	24872879	141	24940120	10722734	0.001708394	473192	1.8619847	0.0027566673	0.9537943	218	0	98.17959
"147"	"ELL3153A44"	"NoDesc"	0.9479096	261714	0.96602196	191	0.9498887	0.8293102	0.34500572	17972	1	0.66769814	75	46.66201	0.0010506795	168	0	46549273	0.033649635	285393	49004978	0	0.5497479	97894	23159429	12800	0.028013043	0	0.13671187	0.9498887	0.78775233	46549273	0.0021462354	341621	2722100	20049284	121	20068484	9439763	0.0015973162	353025	1.7286922	0.0058237556	0.95186776	215	0	98.324646
"148"	"ELL3153A45"	"NoDesc"	0.94165236	247263	0.968041	222	0.9436744	0.84417665	0.40449283	18138	1	0.62735486	75	48.58339	0.0010488214	169	0	45544093	0.031637516	275425	48262509	0	0.57930017	98839	22658274	18028	0.040006835	0	0.12386432	0.9436744	0.7966279	45544093	0.002118772	326110	2535179	19750675	119	19778958	9693865	0.0015826504	338163	1.6809713	0.005706811	0.9456965	229	0	98.3757
"149"	"ELL3153A46"	"NoDesc"	0.9442447	376674	0.9636033	154	0.94624144	0.8214095	0.35188004	18517	1	0.68368345	75	59.93906	0.0010533999	179	0	58668407	0.036037896	408948	62001520	0	0.5419105	99601	29186103	12307	0.025747616	0	0.14219382	0.94624144	0.7772517	58668407	0.0022067172	398522	4863201	25142311	148	25174553	11731090	0.0016288416	410764	1.6054678	0.0065957736	0.9482382	218	0	98.43968
"150"	"ELL3153A47"	"NoDesc"	0.95395446	183773	0.9666521	195	0.9562467	0.8290628	0.34554538	18033	1	0.5579328	75	48.029037	0.0010693428	170	0	49128874	0.032996625	286258	51376776	0	0.5744303	98163	24435211	18712	0.040089555	0	0.13758928	0.9562467	0.79278857	49128874	0.0023158551	362226	2419788	21169253	127	21200334	9837980	0.0016911048	375573	1.7407054	0.0055717393	0.958539	212	0	98.31768
"151"	"ELL3153A48"	"NoDesc"	0.91953063	221053	0.95043254	150	0.9279162	0.7289824	0.3551469	20657	1	0.7078927	75	49.31056	0.001180231	163	0	55207743	0.049225178	125380	59496475	0	0.50753975	106704	27230093	10791	0.021448249	0	0.22145016	0.9279162	0.6764346	55207743	0.003937461	537020	3980808	23214461	126	23570162	9372045	0.0025463875	564194	2.3377213	0.0021073518	0.93630177	215	0	97.739
"152"	"ELL3153A49"	"NoDesc"	0.9168636	297565	0.94851494	191	0.9205934	0.78514785	0.35044342	20019	1	0.6559628	75	36.739307	0.0012177444	151	0	40098995	0.050990503	77628	43557771	0	0.5520585	105403	19877622	12365	0.02621514	0	0.16336706	0.9205934	0.72280186	40098995	0.0025093975	413926	6713417	16746626	124	16840769	7191456	0.0018609544	427594	2.4761698	0.0017821848	0.92432314	207	0	97.58792
"153"	"ELL3153A4"	"NoDesc"	0.9540952	123433	0.9652846	192	0.9565548	0.835607	0.26597098	17715	1	0.7418125	75	48.124313	0.0011106358	165	0	46370391	0.034443293	305551	48476464	0	0.5908769	96907	23057227	15304	0.033658393	0	0.12967764	0.9565548	0.7993038	46370391	0.0022124578	322972	2401143	20047663	122	20087079	9289135	0.0016601305	335932	1.64487	0.0063030794	0.95901424	203	0	98.41453
"154"	"ELL3153A50"	"NoDesc"	0.946549	152788	0.9508406	160	0.95012146	0.75463015	0.31182057	20734	1	0.70643824	75	46.65353	0.0011966072	172	0	50942338	0.048727073	134322	53616658	0	0.5360207	108039	25258408	11642	0.024255581	0	0.19621041	0.95012146	0.71699035	50942338	0.0024715322	519685	3448986	21484240	123	21596302	9050087	0.0018316727	536020	2.4218879	0.002505229	0.95369405	226	0	97.63822
"155"	"ELL3153A51"	"NoDesc"	0.9327493	126717	0.9647925	203	0.93542403	0.8537013	0.36256838	17684	1	0.69936955	75	45.44327	0.0011524179	163	0	42352864	0.034836534	149045	45276649	0	0.58447874	96459	21049006	16782	0.038488265	0	0.11109109	0.93542403	0.7985727	42352864	0.002434353	297929	2878357	18172440	121	18222111	8628931	0.0017915526	307114	1.6574575	0.0032918735	0.9380988	215	0	98.38699
"156"	"ELL3153A52"	"NoDesc"	0.9420182	230040	0.96484995	187	0.9448736	0.80039966	0.37900934	17918	1	0.62301993	75	44.931847	0.0011691621	166	0	46608894	0.03470464	232273	49328184	0	0.51743287	97670	23147551	14671	0.02945286	0	0.16445036	0.9448736	0.7562764	46608894	0.0024189458	333885	2800022	20056765	120	20121708	9023256	0.0017921656	344631	1.6838917	0.004708728	0.9477289	222	0	98.36256
"157"	"ELL3153A53"	"NoDesc"	0.9522879	121506	0.965801	180	0.9540649	0.8313913	0.3656645	17778	1	0.6825171	75	52.05587	0.0010681304	176	0	52077035	0.03379952	259403	54584375	0	0.5482726	96876	25915765	13123	0.026135031	0	0.13440968	0.9540649	0.7932012	52077035	0.0021843088	375531	3240119	22417797	132	22428415	10650991	0.00162518	387863	1.6999398	0.0047523305	0.9558419	220	0	98.352455
"158"	"ELL3153A54"	"NoDesc"	0.9526771	135595	0.96353066	151	0.95473677	0.8092462	0.38444325	19484	1	0.6769731	75	55.37069	0.0010880278	180	0	56368589	0.036050096	234483	59040972	0	0.55165446	103852	28024136	10543	0.023060283	0	0.15428457	0.95473677	0.7726171	56368589	0.002264132	420745	3522507	24266698	141	24306403	11171981	0.0016748112	433771	1.7533062	0.00397153	0.9567966	215	0	98.29571
"159"	"ELL3153A55"	"NoDesc"	0.9541391	129392	0.9653677	197	0.95602256	0.83191496	0.3826001	17776	1	0.5475224	75	48.27354	0.001067163	169	0	48430587	0.03420652	246397	50658414	0	0.60803914	97020	24096662	16500	0.035175312	0	0.13345268	0.95602256	0.7953295	48430587	0.0021941778	337815	3122405	20845270	125	20859478	9950109	0.0016295603	349952	1.649983	0.004863891	0.9579059	215	0	98.405266
"160"	"ELL3153A56"	"NoDesc"	0.95600724	238652	0.95368993	152	0.9583516	0.75959545	0.38661996	20314	1	0.6610848	75	52.192272	0.0011049943	179	0	56176691	0.045958865	113272	58618042	0	0.5370556	106103	27899375	11442	0.022300746	0	0.19409443	0.9583516	0.7279595	56176691	0.002229086	538130	3504756	23825912	136	23884446	9907538	0.0016656652	553599	2.2653162	0.0019323744	0.9606959	224	0	97.7913
"161"	"ELL3153A57"	"NoDesc"	0.9245849	574897	0.9442327	227	0.9275882	0.7786059	0.34315038	20143	1	0.71047556	75	38.333874	0.0011800072	150	0	42424365	0.055300556	75502	45736205	0	0.57803506	105831	21049558	15120	0.028682483	0	0.16562678	0.9275882	0.72222567	42424365	0.0023690492	473335	9269884	17608400	123	17687896	7607970	0.0017726034	486027	2.6743097	0.0016508148	0.93059164	216	0	97.38224
"162"	"ELL3153A58"	"NoDesc"	0.9499769	191360	0.9521263	183	0.95300496	0.7672992	0.3140929	20822	1	0.67944044	75	50.806763	0.0011949628	177	0	55024456	0.047451083	142681	57737850	0	0.50514936	108159	27303877	11259	0.021460472	0	0.18482716	0.95300496	0.7312399	55024456	0.0023835793	561565	3490487	23274402	133	23369328	9929731	0.0017873826	577869	2.4130967	0.0024711867	0.956033	222	0	97.644035
"163"	"ELL3153A59"	"NoDesc"	0.94585896	258205	0.96018857	170	0.9485528	0.7952291	0.3848596	18350	1	0.5940295	75	49.48384	0.0011760386	179	0	50813367	0.039447416	153192	53569365	0	0.5271862	98879	25241513	10495	0.022041883	0	0.16495955	0.9485528	0.75431675	50813367	0.002376867	402540	3480233	21739382	128	21809350	9803410	0.0017747476	413529	1.8608254	0.0028596942	0.95124656	222	0	98.182
"164"	"ELL3153A5"	"NoDesc"	0.95587695	157840	0.9595512	201	0.95856255	0.8036232	0.33518377	17649	1	0.5838359	75	49.30328	0.0011433106	169	0	52042867	0.040138736	321636	54292614	0	0.5913063	95799	25869603	14066	0.028266663	0	0.15592803	0.95856255	0.7703231	52042867	0.0023297556	388767	2839063	22264266	129	22305470	9683992	0.0017348711	404463	1.7809961	0.0059241205	0.96124804	222	0	98.28382
"165"	"ELL3153A60"	"NoDesc"	0.9331692	165277	0.96500355	192	0.93530244	0.83802885	0.38000757	18411	1	0.6703681	75	54.522152	0.0011056741	187	0	51490025	0.034583088	312153	55051737	0	0.55452645	99598	25607950	11534	0.025165219	0	0.12697472	0.93530244	0.78381044	51490025	0.0021834744	400355	4062780	22245691	132	22284413	11020518	0.0016433451	413799	1.8230467	0.0056701754	0.9374358	220	0	98.23212
"166"	"ELL3153A61"	"NoDesc"	0.94314563	208999	0.96285146	214	0.9454188	0.82875246	0.2888928	17338	1	0.5965068	75	45.33726	0.0011273593	164	0	45175586	0.036696948	280603	47783677	0	0.5589017	95353	22466970	14879	0.032394737	0	0.13409895	0.9454188	0.78351814	45175586	0.0022759945	312932	3398237	19425260	119	19445995	9249002	0.001700296	324729	1.6424739	0.005872361	0.94769204	210	0	98.41458
"167"	"ELL3153A62"	"NoDesc"	0.9411268	144682	0.9648711	215	0.9435151	0.83128667	0.36990604	18148	1	0.5945897	75	48.756927	0.0011173612	179	0	47073413	0.034687117	260464	49891530	0	0.56103545	98622	23401177	11718	0.023694219	0	0.13358442	0.9435151	0.78433156	47073413	0.0022742946	349426	3542362	20332567	124	20376782	10002098	0.0016943637	361836	1.744745	0.005220606	0.9459034	216	0	98.31049
"168"	"ELL3153A63"	"NoDesc"	0.9489203	160773	0.96565175	198	0.9514732	0.82473445	0.3385809	17602	1	0.6170242	75	50.72699	0.0011335635	174	0	51065980	0.03391957	263846	53670437	0	0.5422056	96255	25390683	15341	0.033962507	0	0.14091729	0.9514732	0.7847127	51065980	0.0023965174	375815	3252199	21991477	129	22031104	10379877	0.0017633463	389421	1.7368952	0.0049160398	0.954026	212	0	98.31979
"169"	"ELL3153A64"	"NoDesc"	0.9318064	419054	0.9561867	162	0.934369	0.78376037	0.397489	19737	1	0.74208665	75	45.535873	0.0011534356	170	0	46675789	0.043407474	111224	49954340	0	0.5280138	104301	23171984	9397	0.019707398	0	0.17242633	0.934369	0.7323214	46675789	0.0021982421	443591	3468878	19795219	122	19858133	8857624	0.0016744061	455936	2.2444348	0.0022265133	0.9369318	220	0	97.80822
"170"	"ELL3153A65"	"NoDesc"	0.9195465	121108	0.9529616	268	0.92221373	0.8060985	0.33420694	18883	1	0.6031313	75	25.043001	0.0011133384	148	0	27406812	0.04651869	73627	29718504	0	0.5817041	102069	13603233	19737	0.039848253	0	0.14686309	0.92221373	0.7433951	27406812	0.0023312576	269140	29980345	11571068	122	11617568	5236560	0.0017205367	276361	2.3235466	0.00247748	0.9248809	204	0	97.7269
"171"	"ELL3153A66"	"NoDesc"	0.9440927	139203	0.95256466	186	0.9462272	0.7498768	0.31522483	20956	1	0.6701221	75	46.450333	0.0011161577	163	0	52012194	0.047023263	156163	54967975	0	0.52955943	108680	25827667	12931	0.026747558	0	0.2026878	0.9462272	0.7095538	52012194	0.002167671	530936	4831401	22065570	124	22124493	9281560	0.0016407283	544160	2.4004955	0.0028409814	0.9483618	215	0	97.65036
"172"	"ELL3153A67"	"NoDesc"	0.9469519	153099	0.9582736	172	0.94913363	0.77698016	0.3481242	18458	1	0.59793395	75	46.617176	0.0011215403	168	0	48587247	0.04134443	160710	51191156	0	0.5346738	98846	24144292	10028	0.022056673	0	0.18129335	0.94913363	0.737458	48587247	0.002229204	385590	3984929	20784925	121	20835350	9152239	0.0016740991	394251	1.8570817	0.0031394095	0.9513153	225	0	98.178635
"173"	"ELL3153A68"	"NoDesc"	0.93786746	125483	0.9627417	187	0.9395232	0.8376149	0.36218426	18413	1	0.72298044	75	47.82524	0.0010237632	169	0	44655501	0.03686424	302416	47529962	0	0.56318957	99518	22221726	15252	0.037501015	0	0.12512681	0.9395232	0.78695863	44655501	0.0019809776	353584	3284123	19232174	119	19245900	9636531	0.001501527	363973	1.8560703	0.0063626394	0.941179	215	0	98.19469
"174"	"ELL3153A69"	"NoDesc"	0.9455385	168906	0.9612963	211	0.9473243	0.8252456	0.35855943	17978	1	0.6586954	75	45.148308	0.0010358754	169	0	44395586	0.038311154	306406	46864187	0	0.59426665	97765	22089717	14196	0.030579537	0	0.13605069	0.9473243	0.7817752	44395586	0.0020520047	346055	3509526	19009123	120	19025257	9250279	0.0015429823	356265	1.8381684	0.0065381695	0.9491102	219	0	98.21208
"175"	"ELL3153A6"	"NoDesc"	0.94822145	115103	0.9631549	222	0.95083374	0.8369236	0.27831304	18011	1	0.6710658	75	54.879314	0.0011053054	175	0	52491808	0.036579594	354714	55206085	0	0.5606192	98006	26100913	15481	0.03418579	0	0.12623139	0.95083374	0.7957752	52491808	0.0022688166	367090	3549544	22619204	135	22667140	10516676	0.0016854628	381880	1.6568166	0.00642527	0.9534461	200	0	98.40301
"176"	"ELL3153A70"	"NoDesc"	0.9467463	103852	0.9618334	243	0.9487265	0.8401788	0.29178435	18124	1	0.5949268	75	45.152344	0.0010242765	177	0	42101154	0.03775968	297672	44376492	0	0.5436701	98603	20944697	19472	0.039142057	0	0.12165463	0.9487265	0.7970999	42101154	0.00210199	319563	3413923	18123179	125	18149071	9254002	0.0015620085	329523	1.7832688	0.006707876	0.9507066	223	0	98.26727
"177"	"ELL3153A71"	"NoDesc"	0.9445624	104588	0.9603911	236	0.9467509	0.8287984	0.28431562	17781	1	0.60495955	75	40.16113	0.0010430246	169	0	39230960	0.039212093	288431	41437467	0	0.57960916	97369	19511507	15572	0.032021057	0	0.13159265	0.9467509	0.78466564	39230960	0.002180134	332795	2696404	16751986	121	16775396	8135005	0.001610265	343617	2.0072246	0.0069606327	0.94893944	212	0	98.0521
"178"	"ELL3153A72"	"NoDesc"	0.954673	192180	0.95469725	145	0.95704746	0.7287605	0.36129045	20324	1	0.697668	75	50.98314	0.0011132917	177	0	57319100	0.044930432	112310	59891596	0	0.5088725	105768	28453278	9316	0.019772686	0	0.22593674	0.95704746	0.6974584	57319100	0.0022479894	563854	3768430	24405477	133	24483822	9749599	0.0016792328	577936	2.3060474	0.0018752214	0.95942193	222	0	97.741806
"179"	"ELL3153A73"	"NoDesc"	0.91347474	136132	0.9514809	228	0.9158555	0.81337076	0.3692967	19320	1	0.6355317	75	31.673046	0.0011476241	150	0	34137148	0.047981482	74666	37273509	0	0.5992532	103499	16952369	15973	0.030696351	0	0.13811019	0.9158555	0.7449301	34137148	0.0022780583	331967	17827920	14379334	122	14420812	6519177	0.0017113719	341425	2.3128269	0.0020031922	0.9182363	216	0	97.74346
"180"	"ELL3153A74"	"NoDesc"	0.94790006	264029	0.95368415	165	0.9502035	0.7506144	0.35154232	20776	1	0.7076319	75	46.89825	0.0011421583	170	0	51592177	0.045886066	138248	54295923	0	0.5217455	107902	25613778	12260	0.028787926	0	0.2030697	0.9502035	0.71323645	51592177	0.0022246887	535253	3610411	21886850	124	21944341	9143495	0.0016821113	549677	2.4436586	0.0025461947	0.952507	220	0	97.61283
"181"	"ELL3153A75"	"NoDesc"	0.94535744	163589	0.9596803	185	0.9474781	0.753494	0.32953146	18341	1	0.7684793	75	46.517445	0.0011456149	179	0	50833024	0.03994958	138596	53650869	0	0.55080897	98095	25256168	12965	0.028686168	0	0.20618628	0.9474781	0.7139191	50833024	0.0022198784	428774	3233874	21794876	124	21843916	9063039	0.0016815444	438275	1.9669294	0.0025832946	0.9495988	216	0	98.07063
"182"	"ELL3153A76"	"NoDesc"	0.48660052	37283	0.9642212	396	0.48725772	0.8362934	0.3448689	15357	1	0.61841667	75	11.810075	0.00096705905	172	0	11783868	0.03535435	204037	24184055	0	0.6188906	87552	5860751	31328	0.06623242	0	0.12792778	0.48725772	0.4074904	11783868	0.0014021717	107327	1420007	5054372	119	5051270	2426961	0.0011843219	110655	2.143677	0.008436839	0.48791492	190	0	97.9207
"183"	"ELL3153A77"	"NoDesc"	0.69541836	56721	0.9654144	358	0.6965675	0.8454713	0.3782151	16181	1	0.5870165	75	18.474358	0.0009576863	176	0	17478835	0.0341866	245964	25092811	0	0.58700603	91621	8693902	26641	0.056131102	0	0.11994305	0.6965675	0.5889278	17478835	0.0014622974	138165	1912947	7555007	120	7555715	3801732	0.0012095757	143839	1.8681471	0.00980217	0.6977165	197	0	98.204056
"184"	"ELL3153A78"	"NoDesc"	0.51666677	44844	0.959373	486	0.5170876	0.89395803	0.2309139	14494	1	0.8423255	75	13.790552	0.0010209894	174	0	12061430	0.03986476	197662	23325700	0	0.86471087	77164	6004754	45690	0.10325611	0	0.065414965	0.5170876	0.46225458	12061430	0.0014560042	85802	2656166	5043570	123	5015459	2293338	0.0012383198	88932	1.7422646	0.008474001	0.5175084	145	0	98.32724
"185"	"ELL3153A79"	"NoDesc"	0.7614303	56687	0.9668425	311	0.76283073	0.8438892	0.25826648	16643	1	0.60138476	75	22.853285	0.0009695258	173	0	21660357	0.032760266	229686	28394707	0	0.56589496	93133	10773874	21435	0.044276576	0	0.12295324	0.76283073	0.6437446	21660357	0.0016466314	166553	1981924	9371423	119	9377561	4667928	0.0013074571	172264	1.8038446	0.008089042	0.7642312	197	0	98.25379
"186"	"ELL3153A7"	"NoDesc"	0.9519745	209536	0.9613478	203	0.9546194	0.8132759	0.32694754	17790	1	0.6653726	75	53.556026	0.0011141639	177	0	55339197	0.03833807	340435	57969906	0	0.6093474	96229	27513183	13741	0.028201649	0	0.14807197	0.9546194	0.7763689	55339197	0.002304999	416200	3155804	23691329	139	23732328	10532570	0.0017079319	434255	1.7969234	0.005872616	0.9572643	220	0	98.27357
"187"	"ELL3153A80"	"NoDesc"	0.94533145	583325	0.95039976	161	0.94811904	0.7231948	0.36044076	20617	1	0.6745198	75	51.249554	0.0011415405	175	0	58128329	0.049184743	118851	61309102	0	0.5075547	106577	28836388	11998	0.025954865	0	0.22720496	0.94811904	0.6856747	58128329	0.0022787817	642136	4250674	24527754	132	24617448	9904124	0.0017084893	659720	2.6099443	0.0019385539	0.9509067	223	0	97.44879
"188"	"ELL3153A81"	"NoDesc"	0.92591536	131680	0.9504647	203	0.9294993	0.7881525	0.30684796	20153	1	0.6807422	75	41.928837	0.0012480238	152	0	44225441	0.049057037	76175	47579851	0	0.5525999	105864	21931713	15499	0.03271626	0	0.16231221	0.9294993	0.7325872	44225441	0.0025689483	455138	6460806	18557539	121	18657961	8101789	0.0019059395	469596	2.4550757	0.0016009927	0.93308336	223	0	97.60614
"189"	"ELL3153A82"	"NoDesc"	0.9459887	117038	0.95615923	184	0.94957596	0.7650666	0.3658357	20183	1	0.7051679	75	43.983047	0.0012479274	167	0	46701767	0.043418486	126701	49181708	0	0.55828696	106021	23154825	12595	0.025418922	0	0.19109266	0.94957596	0.7264889	46701767	0.0024694414	447196	2820886	19877157	121	19982012	8510654	0.0018563772	462177	2.2606766	0.0025761814	0.95316315	214	0	97.799706
"190"	"ELL3153A83"	"NoDesc"	0.94547606	250137	0.96218616	156	0.9482641	0.774394	0.37368014	18844	1	0.6271943	75	62.965984	0.0012260206	204	0	65664384	0.03740431	162091	69246933	0	0.51472193	99921	32611430	9168	0.020255044	0	0.18779211	0.9482641	0.73433	65664384	0.0024535365	552008	4222036	28171097	156	28271180	12311183	0.001837974	567359	1.9673638	0.0023407678	0.9510522	222	0	98.07817
"191"	"ELL3153A84"	"NoDesc"	0.9435299	132386	0.96418095	203	0.9461994	0.8079608	0.35542256	17489	1	0.582576	75	48.972054	0.0011803599	165	0	49914349	0.035360254	265624	52752459	0	0.5625073	95272	24808750	11717	0.025612665	0	0.15622021	0.9461994	0.76449203	49914349	0.00237579	427154	3112722	21425848	123	21472019	9946397	0.0017763886	441579	2.0150912	0.0050352914	0.94886905	220	0	98.045334
"192"	"ELL3153A85"	"NoDesc"	0.94042474	122439	0.9641761	215	0.9432046	0.82231534	0.3637539	17912	1	0.6086025	75	46.68351	0.0011945436	176	0	45705154	0.03538253	260119	48457305	0	0.5542226	97780	22708078	13477	0.028863987	0	0.14186075	0.9432046	0.77561164	45705154	0.002351074	380867	2875418	19699730	119	19758788	9475398	0.0017711044	392754	1.9490023	0.005368004	0.94598454	218	0	98.10331
"193"	"ELL3153A86"	"NoDesc"	0.94386804	110580	0.96473175	227	0.94665015	0.8194056	0.35060138	17144	1	0.7142807	75	44.70993	0.0011860685	162	0	44920198	0.03479771	251531	47451746	0	0.58639663	93986	22323634	15780	0.030335303	0	0.1453262	0.94665015	0.77569044	44920198	0.002419135	380264	2765269	19283998	120	19327678	9186739	0.00180079	393438	1.9950088	0.0053007747	0.94943225	215	0	98.066216
"194"	"ELL3153A87"	"NoDesc"	0.94226986	111693	0.9640747	177	0.94525546	0.82341605	0.33962268	17882	1	0.67131776	75	48.442207	0.0011837924	176	0	46998403	0.035438247	274010	49720322	0	0.571001	97617	23344166	11423	0.023602117	0	0.14065869	0.94525546	0.7783385	46998403	0.002424977	380151	3039605	20256875	122	20324755	9734872	0.0018024247	392867	1.8962939	0.0055110264	0.94824106	216	0	98.15792
"195"	"ELL3153A88"	"NoDesc"	0.9515698	357735	0.9563894	161	0.954738	0.7590917	0.31004447	19974	1	0.71416235	75	52.812737	0.0012237907	184	0	55695733	0.04321044	115921	58336141	0	0.5443684	104855	27632477	14081	0.032883935	0	0.19729775	0.954738	0.7247337	55695733	0.0024140533	551141	3368051	23690015	131	23794488	10112674	0.0018169471	567698	2.3302424	0.0019871215	0.95790637	214	0	97.726425
"196"	"ELL3153A89"	"NoDesc"	0.9195858	163170	0.951977	244	0.921941	0.81198263	0.33206138	19756	1	0.6579364	75	35.49096	0.0011524378	149	0	37509516	0.047372114	70808	40685375	0	0.6065053	104966	18625469	21790	0.046468083	0	0.13999431	0.921941	0.74860007	37509516	0.002295201	376137	15917114	15729309	121	15781538	7232270	0.0017223597	385593	2.385043	0.0017403796	0.92429614	204	0	97.664536
"197"	"ELL3153A8"	"NoDesc"	0.9519576	198146	0.948741	150	0.95564663	0.74017316	0.33139583	19943	1	0.62280047	75	46.16687	0.0011889082	160	0	51140370	0.050999828	102306	53513887	0	0.5531917	104720	25355596	10228	0.024670215	0	0.2085679	0.95564663	0.707344	51140370	0.0024049175	517877	2894548	21516815	123	21624997	8547068	0.0017945658	535303	2.4155946	0.0019117654	0.9593358	210	0	97.64972
"198"	"ELL3153A90"	"NoDesc"	0.94301355	159122	0.95267946	174	0.9455953	0.7552445	0.40100557	20871	1	0.59837383	75	47.21596	0.0011428631	164	0	51256961	0.046618354	114269	54206021	0	0.5267712	108303	25433538	11208	0.021192113	0	0.19743496	0.9455953	0.7141557	51256961	0.00225414	533908	4118147	21666755	123	21746728	9242615	0.0016969844	548604	2.4606228	0.00210805	0.9481772	218	0	97.595085
"199"	"ELL3153A91"	"NoDesc"	0.93916214	187746	0.961865	185	0.94131494	0.7828506	0.3338063	18518	1	0.68379277	75	52.73416	0.0011176019	178	0	53944565	0.037804533	150927	57307669	0	0.59943503	98758	26808636	12923	0.02719561	0	0.17901437	0.94131494	0.736909	53944565	0.0021962284	439696	3704721	23150192	132	23203751	10223059	0.0016556816	450470	1.9043959	0.0026336266	0.94346774	216	0	98.136086
"200"	"ELL3153A92"	"NoDesc"	0.9210231	117457	0.9657291	177	0.92362934	0.8182055	0.37580484	17950	1	0.6946129	75	45.940456	0.0011330955	177	0	45585791	0.033888914	236311	49355073	0	0.5610835	97786	22647068	13440	0.02940417	0	0.14752373	0.92362934	0.7557186	45585791	0.0022979872	359451	3016103	19698330	127	19750147	9316982	0.0017138978	372019	1.848802	0.0047879783	0.9262355	218	0	98.207924
"201"	"ELL3153A93"	"NoDesc"	0.94758743	141987	0.9624651	213	0.94967175	0.8046562	0.31942448	17616	1	0.70478845	75	51.433628	0.0010894401	170	0	52810659	0.037179973	242639	55609382	0	0.60957205	95619	26268603	14828	0.031329364	0	0.1578089	0.94967175	0.7641592	52810659	0.0022013208	421610	3994539	22658728	130	22687924	10368937	0.0016441602	435238	1.8822598	0.004363274	0.951756	214	0	98.173294
"202"	"ELL3153A94"	"NoDesc"	0.8872852	87354	0.96313506	230	0.8888378	0.8259151	0.3808573	17261	1	0.66938275	75	33.371944	0.0010394525	176	0	33035434	0.03651222	185250	37167000	0	0.57103026	95603	16429612	16864	0.039677013	0	0.13721994	0.8888378	0.7341046	33035434	0.0018265556	286475	3298902	14203055	121	14209413	6769756	0.0014323166	294414	2.0299056	0.00498426	0.8903904	209	0	98.02289
"203"	"ELL3153A95"	"NoDesc"	0.9374979	104299	0.9634346	181	0.9395813	0.8064287	0.30739167	17657	1	0.72262645	75	47.208565	0.0010887258	163	0	49149928	0.03618339	226207	52310461	0	0.5450818	95714	24443911	16196	0.035448667	0	0.15700586	0.9395813	0.7577053	49149928	0.0021932898	408767	3172233	21084709	125	21106280	9394318	0.0016397831	421004	1.9556763	0.004324317	0.9416646	205	0	98.098175
"204"	"ELL3153A96"	"NoDesc"	0.948372	195270	0.95185673	181	0.9509678	0.738801	0.37029436	20520	1	0.67353857	75	51.60271	0.0011320865	173	0	56374258	0.047781084	104850	59280932	0	0.5123881	106467	27977867	13167	0.023529476	0	0.21305576	0.9509678	0.7025759	56374258	0.0022621588	584078	3980051	23850333	131	23928015	9828410	0.0016955803	599598	2.4445837	0.0017686969	0.95356363	219	0	97.609604
"205"	"ELL3153A97"	"NoDesc"	0.806787	243256	0.95153123	262	0.8090217	0.82177866	0.27314097	17977	1	0.7160555	75	22.287083	0.0012136339	141	0	26661140	0.047970906	127025	32954790	0	0.59210104	97984	13236566	21382	0.04790325	0	0.12975259	0.8090217	0.66483676	26661140	0.002329167	222564	28574824	11135587	119	11169325	4816256	0.0017698598	230251	2.0198207	0.0038545232	0.8112564	187	0	98.04049
"206"	"ELL3153A98"	"NoDesc"	0.9517615	694446	0.95257986	148	0.95468044	0.74501216	0.35981905	21097	1	0.66189134	75	54.151966	0.0011831891	173	0	63642554	0.047015823	147001	66663724	0	0.5486418	108523	31584929	8581	0.019060079	0	0.20756766	0.95468044	0.7112485	63642554	0.002454401	578192	3981527	26829712	147	26932074	10880509	0.0018168517	596256	2.1659722	0.0022051123	0.9575994	229	0	97.89042
"207"	"ELL3153A99"	"NoDesc"	0.95294803	671451	0.9604681	189	0.95584464	0.74401355	0.28275758	18300	1	0.5945148	75	54.830475	0.0011606083	174	0	62617264	0.03925288	146702	65509876	0	0.5410296	97549	31096725	12203	0.024043141	0	0.21645458	0.95584464	0.7111614	62617264	0.0024271635	459288	3509734	26716655	146	26812766	10632358	0.0017919667	473269	1.7344732	0.0022393875	0.95874125	215	0	98.30995
"208"	"ELL3153A9"	"NoDesc"	0.9191176	187555	0.9456408	258	0.92173284	0.7821001	0.27655816	19564	1	0.6440897	75	32.665318	0.001127914	144	0	37327115	0.053855434	123141	40496675	0	0.55457366	103996	18525731	19070	0.035243284	0	0.16354074	0.92173284	0.7208873	37327115	0.0022245818	382920	12421861	15576607	120	15622756	6361516	0.0016746921	395549	2.469356	0.003040768	0.92434794	202	0	97.60068
