"Sample"	"Note"	"End.2.Mapping.Rate"	"Chimeric.Pairs"	"Intragenic.Rate"	"Num..Gaps"	"Mapping.Rate"	"Exonic.Rate"	"X5..Norm"	"Genes.Detected"	"Unique.Rate.of.Mapped"	"X3..Norm"	"Read.Length"	"Mean.Per.Base.Cov."	"End.1.Mismatch.Rate"	"Fragment.Length.StdDev"	"Estimated.Library.Size"	"Mapped"	"Intergenic.Rate"	"rRNA"	"Total.Purity.Filtered.Reads.Sequenced"	"Failed.Vendor.QC.Check"	"Mean.CV"	"Transcripts.Detected"	"Mapped.Pairs"	"Cumul..Gap.Length"	"Gap.."	"Unpaired.Reads"	"Intronic.Rate"	"Mapped.Unique.Rate.of.Total"	"Expression.Profiling.Efficiency"	"Mapped.Unique"	"End.2.Mismatch.Rate"	"End.2.Antisense"	"Alternative.Aligments"	"End.2.Sense"	"Fragment.Length.Mean"	"End.1.Antisense"	"Split.Reads"	"Base.Mismatch.Rate"	"End.1.Sense"	"End.1...Sense"	"rRNA.rate"	"End.1.Mapping.Rate"	"No..Covered.5."	"Duplication.Rate.of.Mapped"	"End.2...Sense"
"1"	"ELL3153A100"	"NoDesc"	0.95911163	878789	0.97096103	152	0.9683118	0.84504133	0.31923354	18562	1	0.6533123	75	80.61315	0.0012551425	254	0	84841012	0.028677406	883271	87617446	0	0.5429201	99571	41682716	10738	0.024344128	0	0.12591965	0.9683118	0.81826353	84841012	0.0025817906	546113	3233125	36373126	220	36942825	17329248	0.001912164	571864	1.5243737	0.010080994	0.9775121	212	0	98.52079
"2"	"ELL3153A101"	"NoDesc"	0.9202194	410327	0.96759194	248	0.9290194	0.8396212	0.2954329	17562	1	0.60164917	75	62.367302	0.0012683071	214	0	67172365	0.03178898	785219	72304590	0	0.5629151	95211	33004542	25436	0.056270353	0	0.1279707	0.9290194	0.78002435	67172365	0.0025419302	437856	2576513	28670818	167	29087791	13297485	0.0018990865	456915	1.5465207	0.010859877	0.9378193	206	0	98.49579
"3"	"ELL3153A102"	"NoDesc"	0.93265444	660172	0.9705128	199	0.9427488	0.8510506	0.30429658	18271	1	0.58127934	75	61.946117	0.001248149	198	0	63291469	0.029130325	783093	67135034	0	0.5341982	98633	31070503	12237	0.024327451	0	0.1194622	0.9427488	0.8023269	63291469	0.0026262852	419265	2136690	27211225	158	27702095	13435313	0.001929839	440755	1.5661349	0.011664446	0.9528432	215	0	98.48259
"4"	"ELL3153A103"	"NoDesc"	0.94878167	820370	0.96719086	200	0.9586348	0.83621365	0.2891019	17801	1	0.5913183	75	67.031364	0.0012363442	224	0	73155954	0.03232735	849476	76312644	0	0.5716952	96263	35928386	10594	0.023713116	0	0.13097723	0.9586348	0.80162346	73155954	0.0025874649	486118	2913125	31184179	181	31696608	14389523	0.0019049611	509946	1.5833609	0.011131524	0.9684879	215	0	98.46507
"5"	"ELL3153A104"	"NoDesc"	0.9532402	653623	0.95851296	200	0.96320575	0.7526985	0.28704637	20150	1	0.6020912	75	50.0005	0.0012665924	173	0	63753703	0.04117243	192156	66189082	0	0.54519737	104889	31275410	10881	0.019042602	0	0.20581451	0.96320575	0.72500354	63753703	0.0025943064	530691	2779370	26888244	146	27379785	10831759	0.0019235811	553699	1.9822053	0.0029031376	0.9731713	209	0	98.0645
"6"	"ELL3153A105"	"NoDesc"	0.95554787	917538	0.95001566	170	0.96249545	0.7631885	0.2848469	21157	1	0.7398268	75	58.598846	0.001277758	181	0	71688030	0.049396865	154225	74481420	0	0.5983721	108488	35241301	10923	0.022206184	0	0.18682718	0.96249545	0.73456544	71688030	0.0025138545	687145	5701311	30161186	170	30537091	12086228	0.0018913451	711665	2.2774186	0.0020706505	0.9694429	219	0	97.7725
"7"	"ELL3153A106"	"NoDesc"	0.9620789	564000	0.9538157	160	0.9687007	0.7643059	0.31592432	21663	1	0.6340073	75	70.668655	0.0012240773	226	0	81418682	0.0457249	317431	84049368	0	0.53452283	110126	40076872	11274	0.02241909	0	0.18950981	0.9687007	0.7403836	81418682	0.0023629055	773509	3688971	34483939	197	34872526	14175583	0.0017895991	802988	2.25081	0.003776721	0.9753224	222	0	97.806114
"8"	"ELL3153A107"	"NoDesc"	0.963519	607884	0.9639504	188	0.9700621	0.80348206	0.31269795	19032	1	0.68823725	75	73.54709	0.0012001904	257	0	82861858	0.035680953	411784	85419130	0	0.56673867	100570	40815464	16720	0.032710172	0	0.1604683	0.9700621	0.77942747	82861858	0.0023159361	578202	3467060	35545502	212	35925808	15358391	0.0017543004	599595	1.6415834	0.004820747	0.97660524	212	0	98.39938
"9"	"ELL3153A108"	"NoDesc"	0.967132	435586	0.9642533	193	0.9727044	0.85214365	0.34996426	18218	1	0.6592183	75	70.45808	0.0012245898	224	0	73063436	0.03519926	919564	75113714	0	0.59246	98630	36028636	16376	0.03532729	0	0.11210965	0.9727044	0.8288839	73063436	0.002308635	419541	3897880	31368443	184	31627855	15325263	0.0017635073	437408	1.3641179	0.012242292	0.9782768	215	0	98.68019
"10"	"ELL3153A109"	"NoDesc"	0.9678984	468642	0.96610796	205	0.97357106	0.849985	0.24646732	17149	1	0.7214102	75	74.26949	0.0012573435	258	0	76383443	0.033123422	938574	78456978	0	0.61791396	93763	37654999	17381	0.041179787	0	0.11612291	0.97357106	0.8275208	76383443	0.0023126053	434053	3613147	32370119	204	32580997	15027831	0.0017819	454832	1.376784	0.011962913	0.97924376	213	0	98.67684
"11"	"ELL3153A10"	"NoDesc"	0.96013784	369898	0.9530403	161	0.968943	0.76792276	0.32519773	21243	1	0.65885	75	67.40481	0.0011996124	214	0	79213153	0.04662833	292571	81752130	0	0.5493708	109135	38940334	13589	0.029506346	0	0.18511756	0.968943	0.74407333	79213153	0.0025004752	785252	3529038	33382871	190	33901227	13549111	0.0018441331	819176	2.3593504	0.003578757	0.97774816	213	0	97.7018
"12"	"ELL3153A110"	"NoDesc"	0.9682035	705586	0.96934587	180	0.9741886	0.85484236	0.3523079	18319	1	0.64678997	75	76.775246	0.0011986765	247	0	79208173	0.030090947	915470	81306812	0	0.5837862	98850	39052515	16610	0.03325272	0	0.11450355	0.9741886	0.83277774	79208173	0.0023146514	462299	3585073	34168982	206	34480740	16779506	0.0017532358	484134	1.3846297	0.01125945	0.98017365	213	0	98.665085
"13"	"ELL3153A111"	"NoDesc"	0.96714675	299457	0.9697939	145	0.9737085	0.8431587	0.34997544	17174	1	0.6178562	75	67.526764	0.0012267941	224	0	70003136	0.029478379	807493	71893318	0	0.5774409	93979	34495445	10978	0.025140611	0	0.12663522	0.9737085	0.8209908	70003136	0.0023738944	417333	2542653	29879190	179	30139621	13888008	0.0017964791	438063	1.4326233	0.011231822	0.9802702	225	0	98.622505
"14"	"ELL3153A112"	"NoDesc"	0.9580806	457534	0.9570001	157	0.96407473	0.76781607	0.33889225	20595	1	0.7066172	75	71.4708	0.0012097	244	0	81755481	0.042560402	218211	84802020	0	0.5391173	106284	40278258	12257	0.029552743	0	0.18918397	0.96407473	0.74023205	81755481	0.002289967	734692	3526321	34802664	202	35157515	14322923	0.0017464751	762113	2.1217172	0.0025731816	0.9700688	214	0	97.932625
"15"	"ELL3153A113"	"NoDesc"	0.93777007	479506	0.9597547	191	0.9528605	0.771582	0.3350278	20132	1	0.6722562	75	48.808147	0.0012670708	154	0	63352208	0.03961145	161862	66486342	0	0.568916	105620	30934176	17009	0.037223216	0	0.18817273	0.9528605	0.73521	63352208	0.0034733596	465796	11384798	27208547	145	28030436	11444954	0.0023527446	492473	1.7265877	0.002434515	0.9679508	209	0	98.316864
"16"	"ELL3153A114"	"NoDesc"	0.96552503	519766	0.9533171	167	0.9724709	0.75537753	0.29379645	21266	1	0.7281745	75	60.709362	0.0012174606	203	0	72911705	0.046321344	276474	74975720	0	0.56567323	109154	35907996	15295	0.030565852	0	0.19793952	0.9724709	0.73458266	72911705	0.002375371	700406	3202168	30825584	172	31183815	12462767	0.0017922806	727457	2.2796237	0.0036875138	0.97941667	219	0	97.77832
"17"	"ELL3153A115"	"NoDesc"	0.9623816	606727	0.96478534	191	0.96886665	0.8008351	0.2609342	18525	1	0.61863333	75	60.79225	0.0011989152	212	0	68996079	0.03493961	348838	71213186	0	0.49937415	98843	34012733	12431	0.02244519	0	0.16395023	0.96886665	0.7759024	68996079	0.0023149026	474896	2747125	29698194	171	30024622	12722574	0.0017531739	492715	1.6145413	0.004898503	0.97535175	222	0	98.426094
"18"	"ELL3153A116"	"NoDesc"	0.96874565	494993	0.9672653	212	0.97467333	0.86555684	0.28467062	18671	1	0.7130566	75	79.66361	0.0011641989	265	0	81414813	0.032416813	1454597	83530362	0	0.588194	100223	40216832	18695	0.03870432	0	0.10170854	0.97467333	0.8436352	81414813	0.0022587024	478451	3648670	34935042	221	35204548	17450622	0.0017081224	501288	1.4039385	0.017413992	0.98060095	214	0	98.64896
"19"	"ELL3153A117"	"NoDesc"	0.9677386	414098	0.9669674	169	0.97406375	0.8380291	0.3553494	18380	1	0.6853619	75	68.81751	0.0011780389	236	0	74902191	0.0327637	1046530	76896600	0	0.52832425	98650	36970392	12456	0.026045663	0	0.12893829	0.97406375	0.8162938	74902191	0.0022857091	493545	2908384	31875363	197	32139294	14883905	0.0017282777	514496	1.5756088	0.013609574	0.9803888	208	0	98.47525
"20"	"ELL3153A118"	"NoDesc"	0.9679349	551185	0.9657627	187	0.9742902	0.8497812	0.2642813	18724	1	0.6841191	75	73.49147	0.0011849265	249	0	77139181	0.033926647	1251866	79174754	0	0.54862124	100275	38074013	13764	0.029367836	0	0.11598142	0.9742902	0.8279335	77139181	0.0023038299	461089	3543943	32955720	204	33245121	16032863	0.0017407289	481440	1.4274803	0.01581143	0.98064536	210	0	98.62019
"21"	"ELL3153A119"	"NoDesc"	0.9688919	574567	0.9670848	192	0.9754062	0.837661	0.3117538	18758	1	0.6156059	75	82.67281	0.0011682821	312	0	90011082	0.03262414	1154306	92280612	0	0.55848616	99678	44417366	15073	0.031511124	0	0.12942384	0.9754062	0.8170598	90011082	0.0023328804	590702	3637665	38255431	255	38579135	18036678	0.0017466923	616960	1.5740343	0.012508652	0.98192054	219	0	98.479385
"22"	"ELL3153A11"	"NoDesc"	0.96034664	337389	0.9655307	200	0.9689707	0.8133487	0.3090045	18790	1	0.75861603	75	70.744736	0.0011811827	244	0	79623119	0.03421883	377793	82172888	0	0.5537542	99904	39170621	14924	0.032976333	0	0.15218197	0.9689707	0.7881111	79623119	0.0024430254	548559	3205529	34203679	202	34717488	14645445	0.0018064885	573347	1.6246343	0.004597538	0.97759473	220	0	98.42151
"23"	"ELL3153A120"	"NoDesc"	0.96289134	330786	0.95527834	146	0.9693594	0.75825655	0.28565937	20811	1	0.66485816	75	64.94253	0.001196502	212	0	76587305	0.044426307	248182	79008156	0	0.53309023	107033	37750055	10354	0.021005735	0	0.19702177	0.9693594	0.73502314	76587305	0.0023317041	703395	3408456	32505392	182	32860839	13263496	0.0017603157	728657	2.1693	0.0031412197	0.9758275	224	0	97.8819
"24"	"ELL3153A121"	"NoDesc"	0.95806074	655121	0.94925064	214	0.96496445	0.7652789	0.2977579	21077	1	0.63181436	75	61.961666	0.0012363985	198	0	78817641	0.050073903	187312	81679318	0	0.58472586	108615	38796935	14524	0.024951167	0	0.18397176	0.96496445	0.7384669	78817641	0.0025549862	737452	9076923	33335976	186	33724400	13795289	0.0018909755	762209	2.2101593	0.002293261	0.97186816	210	0	97.8357
"25"	"ELL3153A122"	"NoDesc"	0.96352607	359554	0.95361775	165	0.96952105	0.773621	0.31964135	21432	1	0.74727184	75	68.61353	0.0012060251	218	0	80044249	0.04605384	391707	82560610	0	0.55079365	109646	39472027	11609	0.026460707	0	0.17999671	0.96952105	0.75004184	80044249	0.0022854933	777781	3546899	33869730	197	34202188	14168899	0.0017424218	805883	2.3019922	0.004744478	0.9755161	212	0	97.75515
"26"	"ELL3153A123"	"NoDesc"	0.96671146	383009	0.96270597	155	0.97265774	0.8016055	0.38471213	19223	1	0.75131655	75	80.735146	0.0012035609	310	0	91294801	0.037000168	564339	93861176	0	0.5579613	100732	45037239	13358	0.029495802	0	0.16110039	0.97265774	0.7796878	91294801	0.0022714422	651948	4461756	39155833	255	39541263	16703918	0.0017342372	676120	1.6811635	0.006012486	0.9786041	219	0	98.36226
"27"	"ELL3153A124"	"NoDesc"	0.96399695	421666	0.96967214	207	0.9695125	0.8725614	0.29582238	18919	1	0.6815992	75	79.16473	0.0011699945	263	0	80785690	0.030051945	2570109	83326086	0	0.56813097	101043	39941448	13945	0.027588295	0	0.09711078	0.9695125	0.8459592	80785690	0.002211037	477436	3391421	34793845	219	35045445	17178350	0.0016875545	499389	1.4049553	0.03084399	0.9750282	211	0	98.646385
"28"	"ELL3153A125"	"NoDesc"	0.95282024	438604	0.9625389	190	0.9583419	0.8456516	0.29090208	18517	1	0.6136679	75	67.68574	0.0011686186	227	0	73109262	0.03715306	3250259	76287250	0	0.5267685	99186	36139312	12925	0.026681006	0	0.11688733	0.9583419	0.8104234	73109262	0.002217967	497229	3552880	31363341	182	31611864	14508672	0.0016902698	518345	1.6132637	0.042605534	0.96386343	210	0	98.43936
"29"	"ELL3153A126"	"NoDesc"	0.94853544	449670	0.9669456	194	0.9546289	0.8575992	0.35468608	19021	1	0.7232916	75	76.13813	0.001186764	227	0	77709963	0.032784574	3353462	81403318	0	0.5472722	101064	38396695	14043	0.035274792	0	0.10934645	0.9546289	0.818689	77709963	0.0022893974	512840	3306312	33561364	196	33882772	16260053	0.0017345616	538082	1.5632441	0.041195642	0.9607224	215	0	98.494934
"30"	"ELL3153A127"	"NoDesc"	0.94900537	416828	0.9675319	212	0.955012	0.8511652	0.32493374	18561	1	0.602763	75	68.288284	0.0011735157	228	0	72716628	0.03212744	2763139	76142106	0	0.5665041	99312	35922700	13199	0.027141236	0	0.11636671	0.955012	0.812873	72716628	0.002247376	496942	2776425	31314027	183	31594553	14686239	0.0017070686	519199	1.6167498	0.036289237	0.9610188	218	0	98.437836
"31"	"ELL3153A128"	"NoDesc"	0.9608484	224244	0.9552235	150	0.9669805	0.76087517	0.32290792	20689	1	0.6686391	75	67.34875	0.001206056	220	0	78728485	0.044493157	271788	81416834	0	0.53878546	106697	38821445	10623	0.022127977	0	0.19434835	0.9669805	0.73575145	78728485	0.0023071966	724003	3506788	33370852	188	33706330	13870362	0.0017531349	748336	2.171944	0.0033382287	0.9731126	218	0	97.8765
"32"	"ELL3153A129"	"NoDesc"	0.96063215	524684	0.95184904	188	0.96720195	0.7733898	0.3011418	20988	1	0.6572422	75	57.986786	0.0011927895	189	0	72048615	0.0476096	172802	74491802	0	0.5594184	107994	35478097	11133	0.022884523	0	0.17845927	0.96720195	0.7480241	72048615	0.002514782	627249	7969048	30554491	175	30902502	13185667	0.0018492958	647063	2.0509412	0.0023197453	0.9737718	227	0	97.98841
"33"	"ELL3153A12"	"NoDesc"	0.9485399	260096	0.96828824	206	0.95543724	0.8524676	0.338365	18522	1	0.57585293	75	69.88341	0.0011321122	226	0	71816947	0.031450894	1312876	75166574	0	0.5767455	99519	35439524	15201	0.029119072	0	0.11582077	0.95543724	0.81447923	71816947	0.0022927753	479856	2659859	31068774	183	31403527	14865583	0.0017082543	503417	1.5777663	0.017466221	0.9623345	221	0	98.479
"34"	"ELL3153A130"	"NoDesc"	0.9598964	482075	0.9558108	130	0.9663997	0.78863657	0.47543415	21617	1	0.69657594	75	73.78034	0.0012432046	249	0	83452941	0.043605965	406886	86354478	0	0.53929734	110619	41085812	11361	0.024741177	0	0.1671742	0.9663997	0.7621381	83452941	0.002364669	767934	4195013	35358198	208	35741593	15258022	0.0018001634	794662	2.1749957	0.004711811	0.97290295	226	0	97.874306
"35"	"ELL3153A131"	"NoDesc"	0.95154303	456987	0.96597695	170	0.95794755	0.8168493	0.42657188	19000	1	0.576554	75	74.48604	0.0012397547	255	0	81612268	0.033616453	494387	85194928	0	0.5579602	100537	40203367	12573	0.02777784	0	0.14912768	0.95794755	0.7824988	81612268	0.0023708139	590723	3633714	35126577	209	35509284	15783393	0.0018015034	611127	1.6919159	0.00580301	0.9643519	226	0	98.346115
"36"	"ELL3153A132"	"NoDesc"	0.96188974	473944	0.96583086	195	0.96801126	0.8545172	0.25868958	18622	1	0.6388191	75	70.82222	0.0011921716	229	0	72672835	0.033779558	1526514	75074368	0	0.5480762	100136	35871517	12552	0.026876103	0	0.111313604	0.96801126	0.8271823	72672835	0.002269347	475541	3398222	31272824	185	31544692	15120023	0.0017273533	498633	1.5561213	0.020333357	0.9741327	219	0	98.50216
"37"	"ELL3153A133"	"NoDesc"	0.96323735	366847	0.96233493	161	0.96909404	0.8502312	0.40013143	18193	1	0.71115255	75	80.15621	0.001165098	276	0	85330006	0.037019826	2006937	88051322	0	0.5579632	97938	42125904	13108	0.029201373	0	0.11210384	0.96909404	0.8239539	85330006	0.0022898582	565338	4206056	36337165	242	36573924	16902939	0.0017240794	590102	1.5878313	0.02279281	0.9749506	224	0	98.46802
"38"	"ELL3153A134"	"NoDesc"	0.96185386	522972	0.96261466	209	0.9684108	0.8513342	0.31559676	18822	1	0.7167963	75	74.352585	0.0011765766	235	0	76197565	0.036977507	1906986	78683106	0	0.5809591	100656	37597750	13443	0.030435994	0	0.111280404	0.9684108	0.82444125	76197565	0.002348221	513649	3913656	32728061	193	33047243	15915495	0.0017584321	538171	1.6023949	0.024236284	0.97496766	213	0	98.454796
"39"	"ELL3153A135"	"NoDesc"	0.96292585	175672	0.96499705	219	0.96966565	0.84303546	0.33407772	17744	1	0.6752347	75	71.79365	0.001187652	262	0	76107011	0.034496743	1464724	78487890	0	0.586699	95718	37525167	17352	0.035644297	0	0.12196162	0.96966565	0.81746256	76107011	0.002414142	509350	3272040	32332912	206	32594074	14850322	0.0017966345	531495	1.6044858	0.018661784	0.97640556	210	0	98.449104
"40"	"ELL3153A136"	"NoDesc"	0.95866644	617339	0.9558389	148	0.9654356	0.768984	0.32488215	20609	1	0.7093679	75	63.635036	0.0012379444	214	0	72811657	0.043758694	267155	75418446	0	0.5073004	106713	35848121	11536	0.024305454	0	0.18685493	0.9654356	0.7424046	72811657	0.0023809948	689018	3234377	30841969	174	31197192	12893993	0.0018054624	712845	2.2339208	0.003542303	0.9722048	214	0	97.81479
"41"	"ELL3153A138"	"NoDesc"	0.9643321	311797	0.9576558	151	0.97067237	0.79761493	0.37588832	21770	1	0.6377345	75	81.15538	0.0012256016	270	0	91466552	0.04185307	335185	94230092	0	0.53927785	111086	45054745	11479	0.024690801	0	0.16004078	0.97067237	0.7742228	91466552	0.002372535	790349	4754357	38962892	247	39375992	17267532	0.0017953225	817585	2.0341184	0.0035570906	0.9770127	219	0	98.01186
"42"	"ELL3153A139"	"NoDesc"	0.96302116	616888	0.96307915	147	0.9696613	0.7955137	0.32618123	19337	1	0.6971325	75	79.90498	0.0012403954	269	0	89421347	0.036594562	364820	92219152	0	0.55715966	100984	44037849	10420	0.021070767	0	0.16756544	0.9696613	0.7713789	89421347	0.0023968727	671524	4038351	38270122	234	38699232	16665855	0.0018146742	694357	1.7626141	0.003956011	0.9763016	226	0	98.27556
"43"	"ELL3153A13"	"NoDesc"	0.9602854	152354	0.96678215	185	0.9681046	0.8354472	0.33989233	17844	1	0.7387699	75	64.57338	0.0011423613	230	0	73004104	0.032789268	1132430	75409308	0	0.60498774	96661	35983235	15761	0.038517937	0	0.131335	0.9681046	0.8088003	73004104	0.002355522	521145	2838270	31181972	189	31526053	13921487	0.0017440424	546307	1.7033577	0.015017111	0.97592384	204	0	98.35618
"44"	"ELL3153A140"	"NoDesc"	0.91782963	293714	0.94372874	185	0.92283607	0.84619236	0.27666333	18869	1	0.6914076	75	63.738132	0.0011869993	209	0	67835081	0.056027073	3268754	73507184	0	0.56392753	100886	33543551	13881	0.032880276	0	0.09753639	0.92283607	0.78089684	67835081	0.0022750215	444181	5589747	28677519	165	28896788	13467473	0.0017280591	465125	1.58411	0.044468496	0.9278425	216	0	98.47475
"45"	"ELL3153A141"	"NoDesc"	0.8644714	259082	0.93672127	307	0.8694315	0.8320014	0.2752001	17966	1	0.6365061	75	50.37053	0.0011985278	192	0	58288118	0.06280076	3241237	67041648	0	0.61565334	96959	28800746	25159	0.052059602	0	0.10471985	0.8694315	0.72336817	58288118	0.0022753268	389412	5299646	24384167	142	24552599	10794983	0.0017338556	407195	1.6314037	0.04834662	0.87439156	196	0	98.428116
"46"	"ELL3153A142"	"NoDesc"	0.96199745	563799	0.9662603	200	0.9684597	0.83218694	0.28909054	18859	1	0.6112759	75	87.242775	0.00116842	319	0	91788796	0.03341094	926095	94778126	0	0.5767278	99866	45290906	17555	0.034244772	0	0.13407339	0.9684597	0.80593956	91788796	0.00231763	555187	4035110	39325927	261	39679913	18743336	0.0017391908	579711	1.4399315	0.009771189	0.9749219	213	0	98.6079
"47"	"ELL3153A143"	"NoDesc"	0.9639881	426611	0.9551416	209	0.9701657	0.8433252	0.32374942	17994	1	0.6223153	75	68.13053	0.0011571998	237	0	72550084	0.044387974	1472954	74781116	0	0.5709485	97264	35824359	14505	0.032686073	0	0.11181643	0.9701657	0.81816524	72550084	0.0023165033	475963	4564485	30639607	185	30862656	14669198	0.0017331606	496935	1.5846348	0.01969687	0.97634345	213	0	98.470345
"48"	"ELL3153A144"	"NoDesc"	0.9616049	324615	0.95265687	139	0.9680687	0.7456535	0.34027433	21181	1	0.7470113	75	69.98766	0.001239505	224	0	82610184	0.046976727	188567	85335040	0	0.51171905	107836	40682456	8271	0.01657495	0	0.20700337	0.9680687	0.72184384	82610184	0.002396751	808593	3732044	34918319	195	35298896	14130706	0.0018142645	835474	2.3121312	0.0022097253	0.97453254	222	0	97.73675
"49"	"ELL3153A146"	"NoDesc"	0.9641606	534382	0.9563787	143	0.9706734	0.7795717	0.35190114	21447	1	0.6489114	75	71.31572	0.0012282248	232	0	79732195	0.04324011	247597	82141112	0	0.52393883	109730	39281406	11805	0.026056783	0	0.176807	0.9706734	0.7567095	79732195	0.0023782684	729250	3816486	33887500	192	34269924	14804773	0.0017993886	753204	2.1505904	0.0030142884	0.97718626	215	0	97.89336
"50"	"ELL3153A147"	"NoDesc"	0.9623261	528603	0.9638015	207	0.96899205	0.7983116	0.31646234	19113	1	0.67996746	75	69.33881	0.001233387	232	0	77080743	0.03583463	328536	79547340	0	0.5372684	100779	37963282	15716	0.033339415	0	0.1654899	0.96899205	0.7735576	77080743	0.0024436272	573084	3349101	33064932	189	33445532	14674946	0.0018343445	591237	1.7370539	0.0041300687	0.97565794	214	0	98.29632
"51"	"ELL3153A148"	"NoDesc"	0.016682673	6003	0.9338551	2052	0.016837228	0.7635166	0.17743057	11357	1	0.5374899	75	1.1105837	0.0014128155	150	0	1277650	0.06584119	16900	75882438	0	1.1435915	60319	626870	207725	0.41663158	0	0.17033851	0.016837228	0.012855504	1277650	0.0027373566	17373	79984	524407	118	532378	216400	0.002069007	18084	3.2852404	0.00022271293	0.016991783	50	0	96.79335
"52"	"ELL3153A149"	"NoDesc"	0.012843222	4003	0.9308443	2257	0.012965021	0.7615468	0.18547451	10274	1	0.6015145	75	0.75736827	0.0014143497	150	0	851253	0.06894425	15157	65657666	0	1.2905319	52225	417592	287250	0.5228269	0	0.1692975	0.012965021	0.00987347	851253	0.0027009274	11513	54847	347178	117	352449	138682	0.0020515954	12025	3.2992752	0.0002308489	0.013086819	30	0	96.790276
"53"	"ELL3153A14"	"NoDesc"	0.95541114	310814	0.9691367	202	0.96314186	0.8516431	0.28137884	18562	1	0.6559657	75	72.05353	0.0011400548	233	0	74084854	0.030582715	1295364	76919986	0	0.56654865	99769	36519108	14313	0.030921688	0	0.11749361	0.96314186	0.82025313	74084854	0.0023690043	486761	2619592	32031899	190	32429079	15373394	0.0017495973	510950	1.5511523	0.01684041	0.97087246	218	0	98.503136
"54"	"ELL3153A150"	"NoDesc"	0.022391131	8252	0.9393463	1909	0.022587886	0.7682123	0.17186749	12015	1	0.55468637	75	1.4679184	0.0013865562	163	0	1696665	0.060390238	22752	75113938	0	1.0926541	65841	833521	169452	0.34177628	0	0.17113397	0.022587886	0.017352292	1696665	0.0026665304	21308	77072	701851	120	711940	290288	0.0020209686	21956	2.9917045	0.00030289986	0.022784641	54	0	97.05349
"55"	"ELL3153A151"	"NoDesc"	0.013188729	4033	0.9242816	2228	0.013339507	0.74844074	0.18555117	10333	1	0.41933942	75	0.73496073	0.001567224	158	0	848790	0.07548039	10650	63629782	0	1.3249894	52290	413065	285328	0.5312104	0	0.1758409	0.013339507	0.009983831	848790	0.00287723	12361	54363	342633	119	348417	138193	0.0022148236	12782	3.5387695	0.00016737446	0.013490287	30	0	96.51797
"56"	"ELL3153A152"	"NoDesc"	0.96370465	657988	0.94932204	163	0.97050416	0.73674095	0.32429317	20969	1	0.6494764	75	66.2316	0.0012308329	218	0	78953265	0.050339833	165088	81352828	0	0.5327352	107365	38868669	12051	0.025863789	0	0.21258105	0.97050416	0.71501017	78953265	0.002388195	807545	3937801	33211542	182	33594210	13437428	0.0018054594	835534	2.4267795	0.002029284	0.9773037	229	0	97.6262
"57"	"ELL3153A153"	"NoDesc"	0.9595765	1585162	0.95352083	188	0.9666349	0.7796531	0.24841206	21573	1	0.69716865	75	74.90853	0.0011347928	243	0	93777887	0.046006583	207531	97014792	0	0.5454602	109788	46161680	11940	0.025054874	0	0.17386779	0.9666349	0.7536399	93777887	0.0026218845	859832	9936982	39866289	250	40390645	17251830	0.0018729093	889906	2.1557512	0.0021391686	0.9736933	217	0	97.88875
"58"	"ELL3153A154"	"NoDesc"	0.9627539	424561	0.95361197	151	0.96927863	0.77260464	0.30885872	21733	1	0.63773817	75	77.05466	0.0011820227	258	0	88550048	0.045966208	424379	91356646	0	0.51926285	110793	43621780	9767	0.021229932	0	0.18100728	0.96927863	0.7488692	88550048	0.0023130134	856471	4763948	37484296	222	37899050	15886320	0.0017437115	886814	2.286436	0.0046452996	0.9758034	220	0	97.76616
"59"	"ELL3153A155"	"NoDesc"	0.96370554	341724	0.9597297	148	0.9697604	0.80827206	0.3174864	18868	1	0.6082057	75	72.23758	0.0011741609	255	0	79818543	0.039970536	434892	82307490	0	0.5162891	100230	39363201	9877	0.021465486	0	0.15145761	0.9697604	0.7838303	79818543	0.0022953043	568501	4099761	34226875	202	34569699	15183265	0.0017312327	589521	1.6767181	0.005283748	0.9758152	226	0	98.36616
"60"	"ELL3153A156"	"NoDesc"	0.93558794	300759	0.9637418	224	0.9409079	0.84910774	0.3346584	19472	1	0.57435465	75	78.98077	0.0011222459	265	0	84662798	0.036009345	4039338	89979906	0	0.5453808	102730	41854757	14536	0.0262191	0	0.11463405	0.9409079	0.7989322	84662798	0.0021591675	558496	4104167	36544841	236	36815377	16840690	0.0016377753	583575	1.5604047	0.04489156	0.9462278	224	0	98.49475
"61"	"ELL3153A157"	"NoDesc"	0.8212891	118403	0.9574899	362	0.8290364	0.83936316	0.38206482	17707	1	0.6110019	75	33.503044	0.0013499841	160	0	40282767	0.042188883	3263956	48589866	0	0.6373925	96136	19830539	31192	0.06701299	0	0.118126765	0.8290364	0.69586265	40282767	0.002619695	276671	2046639	17297566	109	17556520	7052562	0.0019789068	290304	1.6266423	0.0671736	0.83678377	202	0	98.425705
"62"	"ELL3153A158"	"NoDesc"	0.5170161	69248	0.93819225	852	0.52113223	0.84595746	0.34356585	16814	1	0.5988652	75	14.341059	0.0013952568	116	0	23412911	0.061678402	5830241	44927006	0	0.85008067	92199	11546087	61892	0.13795625	0	0.09223479	0.52113223	0.4408557	23412911	0.0025476885	174357	1992179	10110131	88	10243810	2715289	0.0019669216	186851	1.791363	0.12977141	0.5252483	169	0	98.304665
"63"	"ELL3153A159"	"NoDesc"	0.95761347	335038	0.9696488	187	0.967826	0.82901454	0.2879709	18007	1	0.6246205	75	65.29041	0.0013282951	229	0	74468983	0.029945353	1302469	76944598	0	0.5521289	96400	36610698	14270	0.029731458	0	0.14063428	0.967826	0.8023418	74468983	0.0026771594	469341	3091112	31677853	189	32169688	14316436	0.0019956108	489747	1.4995574	0.016927361	0.97803855	211	0	98.54002
"64"	"ELL3153A15"	"NoDesc"	0.9584496	267414	0.9670165	235	0.96789104	0.83388954	0.27620798	17840	1	0.6910665	75	63.402596	0.0011407606	224	0	70992393	0.03257301	1094083	73347506	0	0.60880095	96283	34931769	15532	0.03286542	0	0.13312703	0.96789104	0.8071142	70992393	0.002514873	485732	2724191	30326860	181	30763779	13876131	0.0018211148	513498	1.6417606	0.014916431	0.9773325	218	0	98.42359
"65"	"ELL3153A160"	"NoDesc"	0.95245403	644623	0.9613208	189	0.9621601	0.8069911	0.2926183	20424	1	0.6330907	75	71.31975	0.0013624035	229	0	79017827	0.038318772	304804	82125440	0	0.5622354	106211	38810772	12140	0.021463249	0	0.15432976	0.9621601	0.7764546	79017827	0.0026595867	674630	3563338	33610724	195	34206056	15157642	0.0020044523	706475	2.0235572	0.0037114443	0.97186625	227	0	98.03231
"66"	"ELL3153A162"	"NoDesc"	0.95479834	403248	0.95084476	157	0.96507514	0.7662376	0.28626612	21754	1	0.6295059	75	73.61403	0.0014999221	223	0	85340062	0.048772063	318475	88428418	0	0.51469344	110531	41847692	12481	0.02320005	0	0.18460713	0.96507514	0.73947686	85340062	0.0028382635	800164	4826277	35870445	198	36553074	15371414	0.0021619669	833875	2.2303908	0.0036015008	0.9753518	215	0	97.81797
"67"	"ELL3153A163"	"NoDesc"	0.9539782	494688	0.9656627	170	0.9651317	0.8045618	0.33996832	18515	1	0.7697424	75	59.85415	0.0015245117	199	0	65607740	0.0340458	311707	67978012	0	0.5810857	98775	32147702	11522	0.026916472	0	0.16110092	0.9651317	0.7765081	65607740	0.0029478238	471336	2660617	28160704	156	28746731	12613134	0.0022279436	493252	1.6869093	0.004585409	0.9762853	214	0	98.35381
"68"	"ELL3153A164"	"NoDesc"	0.95577246	565065	0.9654501	200	0.96617746	0.82769746	0.34148347	18515	1	0.67185074	75	64.3484	0.0015038132	210	0	68782541	0.034180183	1018529	71190384	0	0.5544905	99293	33746491	15913	0.032178808	0	0.13775267	0.96617746	0.7997026	68782541	0.002844755	457457	2989541	29254613	169	29775645	14000910	0.0021670635	480150	1.5869687	0.014307115	0.97658247	210	0	98.460365
"69"	"ELL3153A165"	"NoDesc"	0.9548814	641723	0.96772	182	0.9671249	0.8391107	0.31135044	18106	1	0.6782479	75	83.27202	0.0014588883	274	0	86753797	0.031874582	1112960	89702792	0	0.6080235	96819	42514347	12388	0.026843136	0	0.12860934	0.9671249	0.8115248	86753797	0.0029363716	553577	3733481	36805197	227	37542491	17552225	0.0021882777	583481	1.5304029	0.012407195	0.9793682	218	0	98.51821
"70"	"ELL3153A166"	"NoDesc"	0.95593965	517641	0.96604836	184	0.9666103	0.8530034	0.3007369	18428	1	0.69737536	75	67.183754	0.0014539411	217	0	67989827	0.033641182	1143997	70338404	0	0.53788257	99346	33382162	10530	0.024253061	0	0.11304495	0.9666103	0.82452184	67989827	0.0028470256	424523	3163821	29157832	168	29698451	14662286	0.0021427942	448976	1.4892681	0.016264189	0.97728103	223	0	98.56494
"71"	"ELL3153A167"	"NoDesc"	0.95729417	356644	0.9664981	207	0.96837336	0.8326608	0.34775376	17591	1	0.58697146	75	65.34433	0.0014495515	214	0	67239898	0.033167258	841167	69435916	0	0.6407379	95321	32989576	16914	0.038948208	0	0.13383737	0.96837336	0.8063265	67239898	0.002869815	429492	2729677	28517984	169	29031382	13490247	0.0021515589	452778	1.5356653	0.012114292	0.9794526	219	0	98.51631
"72"	"ELL3153A168"	"NoDesc"	0.9489152	830170	0.9529878	148	0.96116537	0.74991405	0.31252614	21830	1	0.74061745	75	87.659904	0.0014850945	262	0	102185066	0.046700858	282947	106313722	0	0.5305583	109592	50012616	9500	0.020517206	0	0.20307378	0.96116537	0.7207914	102185066	0.0029462066	1030972	5031574	42865639	247	43852405	18338640	0.0022063393	1081379	2.4066057	0.0026614345	0.9734155	213	0	97.65137
"73"	"ELL3153A16"	"NoDesc"	0.9612119	381462	0.95316374	152	0.9695056	0.7557388	0.28389	20590	1	0.63476956	75	66.697174	0.0011884175	215	0	77513091	0.046547934	192596	79951156	0	0.55476433	106155	38124272	10062	0.019491388	0	0.19742487	0.9695056	0.73269296	77513091	0.0024340875	768010	3254715	32701030	181	33193563	13288036	0.0018059245	797497	2.3461962	0.0024089208	0.97779924	221	0	97.705315
"74"	"ELL3153A170"	"NoDesc"	0.9527318	693396	0.9565836	164	0.96347165	0.7825803	0.3208756	21977	1	0.6803725	75	78.73704	0.0014396104	264	0	90449394	0.04297579	322903	93878620	0	0.49588794	111407	44354537	10615	0.022416174	0	0.17400333	0.96347165	0.7539939	90449394	0.00284328	881464	5341142	38295125	220	39066853	16983309	0.002133622	917703	2.2951438	0.0034395796	0.97421145	213	0	97.75002
"75"	"ELL3153A171"	"NoDesc"	0.95587003	426463	0.9633045	175	0.9659258	0.80904275	0.3122626	19542	1	0.76158893	75	86.08712	0.0014455311	330	0	94809073	0.036347367	450640	98153578	0	0.5373685	102300	46545470	13149	0.027862951	0	0.15426178	0.9659258	0.78147525	94809073	0.0027900345	739350	4369167	40435623	261	41181468	18376167	0.0021107844	768952	1.8330019	0.0045911726	0.97598153	213	0	98.20438
"76"	"ELL3153A172"	"NoDesc"	0.9593276	223232	0.9655138	181	0.96890765	0.85899955	0.30634207	18693	1	0.58922833	75	66.21138	0.0014131663	204	0	65640737	0.034177314	953333	67747154	0	0.5574218	100541	32299082	12702	0.026966894	0	0.1065143	0.96890765	0.8322913	65640737	0.0027845853	472710	2912661	28115165	161	28563779	14544626	0.002092096	495379	1.704726	0.014071927	0.9784878	219	0	98.34646
"77"	"ELL3153A173"	"NoDesc"	0.9527155	373401	0.96926093	217	0.9617624	0.85563296	0.3479076	18364	1	0.587364	75	66.06398	0.0013796319	225	0	68010627	0.030169021	946216	70714574	0	0.559882	98733	33466196	12413	0.02406105	0	0.11362794	0.9617624	0.8229157	68010627	0.0026083996	474786	2795835	29061910	170	29465759	14692034	0.0019882366	497121	1.659123	0.013380777	0.9708095	227	0	98.392555
"78"	"ELL3153A174"	"NoDesc"	0.9576715	517519	0.96993196	172	0.96868974	0.86164653	0.34448963	19577	1	0.66250557	75	88.37158	0.0013728244	273	0	88309052	0.029744232	1368352	91163408	0	0.6082104	103287	43381587	12734	0.025762517	0	0.10828544	0.96868974	0.83466816	88309052	0.002781137	604099	3669382	37936607	229	38669783	19837186	0.0020689713	637241	1.6211886	0.015009882	0.97970784	220	0	98.43258
"79"	"ELL3153A175"	"NoDesc"	0.95611644	463252	0.96580094	205	0.9674907	0.8541706	0.3049187	18419	1	0.7731217	75	71.675095	0.0013809422	239	0	74460573	0.033644382	1053617	76962572	0	0.60468566	99060	36550653	13398	0.028434873	0	0.1116304	0.9674907	0.8264021	74460573	0.002854177	513281	3553037	31581692	187	32157342	15835143	0.0021088996	541619	1.6563799	0.013689991	0.97886497	218	0	98.40074
"80"	"ELL3153A176"	"NoDesc"	0.94186753	743306	0.9567381	187	0.95171475	0.78231835	0.292831	21129	1	0.7640772	75	75.19452	0.0014303856	252	0	85334552	0.042856675	253928	89664004	0	0.57372767	108039	41882485	15069	0.033086613	0	0.17441976	0.95171475	0.74454397	85334552	0.0026978934	841165	4022393	36023205	206	36677489	16266995	0.0020575821	876856	2.334899	0.002831995	0.96156204	209	0	97.718216
"81"	"ELL3153A178"	"NoDesc"	0.95393336	728711	0.9560114	211	0.9639978	0.7859909	0.31137264	21218	1	0.64273304	75	62.306705	0.001421263	208	0	70981671	0.043500103	272161	73632608	0	0.5554128	109545	34831930	17128	0.038820427	0	0.17002054	0.9639978	0.75769347	70981671	0.0027831108	673754	4193067	30100211	168	30658351	13404520	0.002095078	701422	2.2366936	0.003696202	0.97406214	206	0	97.81064
"82"	"ELL3153A179"	"NoDesc"	0.9572613	554347	0.96168023	150	0.96782184	0.7940174	0.34904334	20209	1	0.6364905	75	97.5974	0.0014326649	420	0	109552443	0.037986603	525841	113194838	0	0.5847483	103978	53760694	12500	0.024269346	0	0.16766283	0.96782184	0.7684674	109552443	0.0027970439	878161	5250496	46568464	341	47473677	20556706	0.0021074107	913699	1.8883004	0.00464545	0.9783824	224	0	98.14916
"83"	"ELL3153A17"	"NoDesc"	0.95077795	182360	0.95073676	202	0.9623707	0.75950974	0.2877063	20558	1	0.73655117	75	48.308144	0.0012884472	164	0	62779935	0.048824612	186189	65234670	0	0.58416796	106793	30757055	12080	0.02258345	0	0.19122702	0.9623707	0.7309299	62779935	0.0027215483	551996	6868960	26562847	149	27131593	10844059	0.001996366	577700	2.08486	0.0028541416	0.9739634	224	0	97.964226
"84"	"ELL3153A180"	"NoDesc"	0.9504196	484790	0.9671372	199	0.9598191	0.858626	0.28687534	18915	1	0.6968771	75	77.322784	0.0013907971	240	0	77792817	0.03253024	1068125	81049456	0	0.54825586	101204	38271391	13929	0.031222401	0	0.108511135	0.9598191	0.82412565	77792817	0.0026927267	519876	3462772	33377341	194	33894594	16984870	0.0020353869	548562	1.5926589	0.013178682	0.9692186	217	0	98.46632
"85"	"ELL3153A181"	"NoDesc"	0.9543074	448373	0.96431774	212	0.96401143	0.8500002	0.3411272	18728	1	0.60399485	75	71.61758	0.0013863285	241	0	75391360	0.035341796	1182961	78205882	0	0.6100166	100198	37080074	16536	0.036382757	0	0.11431746	0.96401143	0.8194099	75391360	0.0026946627	512967	3498666	31997674	188	32482438	15864476	0.0020339105	541369	1.6393294	0.015126241	0.9737154	210	0	98.42216
"86"	"ELL3153A182"	"NoDesc"	0.95323163	601055	0.9668786	188	0.9639868	0.8559692	0.27290148	18926	1	0.60988724	75	74.15555	0.0013899129	234	0	75436926	0.032788996	1088438	78255142	0	0.55654836	101254	37057906	12005	0.025182286	0	0.11090941	0.9639868	0.82514304	75436926	0.0027909917	510979	3511531	32288225	186	32881121	16408310	0.0020826363	540178	1.6162686	0.013908836	0.9747419	211	0	98.4421
"87"	"ELL3153A183"	"NoDesc"	0.94990027	570707	0.9657378	206	0.9590673	0.8538583	0.34066308	18473	1	0.6463522	75	65.96946	0.0013626505	220	0	67187487	0.03387988	988290	70055034	0	0.5828402	99318	33066668	16758	0.033379745	0	0.111879595	0.9590673	0.8189075	67187487	0.002612378	477799	2928980	28629416	166	29044941	14446261	0.0019815417	504349	1.7068058	0.014107338	0.96823424	212	0	98.35848
"88"	"ELL3153A184"	"NoDesc"	0.95536333	602181	0.9577145	196	0.96452713	0.7949883	0.3218617	20429	1	0.5843171	75	59.77418	0.001405206	207	0	66201622	0.041862536	180972	68636354	0	0.57340705	106080	32533944	13884	0.02962116	0	0.16272627	0.96452713	0.76678777	66201622	0.002620702	660935	3446493	27943421	163	28400032	13308723	0.0020071801	687547	2.3637135	0.0026366785	0.97369087	222	0	97.689384
"89"	"ELL3153A185"	"NoDesc"	0.95357364	347321	0.95831674	196	0.9632512	0.786925	0.27294102	20519	1	0.5641418	75	65.60739	0.001482042	197	0	82423106	0.04124159	217375	85567616	0	0.56418765	106859	40434605	13782	0.024512533	0	0.17139164	0.9632512	0.75800645	82423106	0.0030451622	702666	11838933	35120439	193	35768799	15150089	0.0022557501	729692	1.9992387	0.0025403886	0.97292864	212	0	98.03852
"90"	"ELL3153A186"	"NoDesc"	0.9553375	533495	0.9590304	158	0.96513265	0.7953654	0.36041898	21386	1	0.7081942	75	68.167816	0.0014541656	220	0	76068274	0.04058198	333068	78816390	0	0.5224283	109714	37336143	10700	0.021865204	0	0.16366494	0.96513265	0.7676331	76068274	0.0027328753	677882	3696621	32310247	181	32892907	14666379	0.0020870315	706373	2.1023455	0.004225872	0.9749278	218	0	97.94508
"91"	"ELL3153A187"	"NoDesc"	0.9559094	695872	0.96470535	146	0.9657179	0.80169326	0.30387187	19316	1	0.67444605	75	80.30047	0.0014645273	261	0	87479747	0.034993093	382868	90585192	0	0.54792535	101193	42934300	9521	0.021421885	0	0.16301207	0.9657179	0.77420956	87479747	0.0027502251	683843	3661452	37405860	216	38082112	16816679	0.002100847	712141	1.8356868	0.004226607	0.9755265	220	0	98.20465
"92"	"ELL3153A188"	"NoDesc"	0.95053977	400534	0.96769935	224	0.9592621	0.84974766	0.29516104	18829	1	0.5716825	75	73.71468	0.0014532635	231	0	76101958	0.031952	976186	79333852	0	0.5920827	100725	37411351	14771	0.029182298	0	0.117951654	0.9592621	0.8151307	76101958	0.002661761	500040	3329470	32499024	193	32956168	16419858	0.002052018	521148	1.5567198	0.012304785	0.9679843	213	0	98.48468
"93"	"ELL3153A189"	"NoDesc"	0.9555733	631748	0.9689936	182	0.9655763	0.8461927	0.41241494	19148	1	0.6142481	75	81.46906	0.0014415166	258	0	83544297	0.03063363	895430	86522730	0	0.5955486	101519	41020538	10309	0.02252708	0	0.12280082	0.9655763	0.8170636	83544297	0.0027543108	580944	3455477	35643630	214	36227873	18170450	0.0020911137	608792	1.6526796	0.0103490725	0.9755793	224	0	98.39627
"94"	"ELL3153A18"	"NoDesc"	0.9561076	174645	0.9529471	155	0.9668014	0.76285857	0.34891117	21282	1	0.69478726	75	61.79853	0.0013315252	203	0	73175782	0.04674325	284418	75688538	0	0.55711466	109397	35892644	10825	0.02231425	0	0.19008842	0.9668014	0.7375328	73175782	0.0026242065	709713	3631073	30855567	170	31460035	12454860	0.0019707165	743358	2.308322	0.0037577422	0.97749513	227	0	97.7516
"95"	"ELL3153A190"	"NoDesc"	0.9521238	625385	0.96671504	191	0.9609321	0.8419157	0.2500149	19052	1	0.7807676	75	82.01358	0.0014433364	258	0	84127188	0.03291105	960890	87547478	0	0.5720077	101151	41347794	13473	0.03139257	0	0.124799326	0.9609321	0.80902386	84127188	0.002663914	553006	4042573	35852832	216	36361297	17958972	0.002048031	577866	1.5643722	0.010975644	0.9697405	222	0	98.48099
"96"	"ELL3153A191"	"NoDesc"	0.9525162	295974	0.96772844	183	0.96219146	0.8329518	0.3033481	18835	1	0.6423248	75	72.69844	0.0014508743	229	0	76647242	0.031915423	879212	79659032	0	0.5372386	100261	37638237	14266	0.027389003	0	0.13477664	0.96219146	0.8014591	76647242	0.002738493	527703	3081830	32642361	192	33161141	15906901	0.00208821	552832	1.6397712	0.011037191	0.9718668	214	0	98.409096
"97"	"ELL3153A192"	"NoDesc"	0.9510337	278832	0.9584348	185	0.9606004	0.77902895	0.28747886	21081	1	0.71297294	75	72.55798	0.0014456352	227	0	81714965	0.041232016	259462	85066560	0	0.547917	107901	40133501	14862	0.033112023	0	0.17940591	0.9606004	0.74833554	81714965	0.0027098055	774753	3555821	34615514	193	35220939	15420812	0.0020714253	805177	2.2349813	0.0030501056	0.97016686	212	0	97.81082
"98"	"ELL3153A194"	"NoDesc"	0.95728225	3491269	0.9570058	169	0.9659441	0.77522326	0.34652144	21752	1	0.7061887	75	73.004745	0.001380125	225	0	83537352	0.042451706	335780	86482592	0	0.59236145	110288	40990644	10880	0.024242694	0	0.18178256	0.9659441	0.74882233	83537352	0.0025770492	820198	4251569	35327504	190	35887074	15565336	0.0019732204	851347	2.3173208	0.0038826312	0.97460604	224	0	97.73097
"99"	"ELL3153A195"	"NoDesc"	0.96003574	2120545	0.9662097	167	0.96956813	0.795361	0.3123035	18898	1	0.6011095	75	63.783855	0.0013897622	214	0	72509412	0.03341587	354434	74785266	0	0.5725227	100040	35592193	11867	0.023845358	0	0.1708487	0.96956813	0.7711566	72509412	0.0026012105	549598	3065283	31119868	168	31663840	13523475	0.001989531	570811	1.7707993	0.004739356	0.9791006	211	0	98.26458
"100"	"ELL3153A196"	"NoDesc"	0.963143	2095355	0.97151667	159	0.9719213	0.8564706	0.31315562	18814	1	0.5891611	75	73.93782	0.0013478608	232	0	75743618	0.02802677	1132336	77931838	0	0.59798115	100341	37258068	14981	0.02970953	0	0.115046024	0.9719213	0.832422	75743618	0.0025540818	539651	2722213	32644330	186	33108902	16116836	0.0019455241	568352	1.6876434	0.014529825	0.98069966	215	0	98.373764
"101"	"ELL3153A197"	"NoDesc"	0.9608341	1780169	0.969898	217	0.9707441	0.8463987	0.3194754	17934	1	0.6427938	75	66.01053	0.0013806433	214	0	68929621	0.029512435	1000545	71007000	0	0.6238462	97006	33853750	18849	0.04413521	0	0.12349933	0.9707441	0.8216365	68929621	0.002642431	483664	2497131	29353341	170	29811943	14010160	0.0020050968	511226	1.6859255	0.014090794	0.98065394	206	0	98.378975
"102"	"ELL3153A198"	"NoDesc"	0.95985526	2941167	0.9715743	163	0.97032106	0.85319144	0.3721849	18851	1	0.5976466	75	74.82711	0.0013823828	236	0	77666589	0.027960477	1179522	80042162	0	0.5504941	100545	38121177	10362	0.022402871	0	0.118382834	0.97032106	0.8278696	77666589	0.0026794018	537784	2891400	33374734	190	33982981	16475999	0.0020238976	568758	1.6461053	0.014736259	0.98078674	224	0	98.41419
"103"	"ELL3153A199"	"NoDesc"	0.95889974	2780324	0.97114915	168	0.9704114	0.8480677	0.3570599	18575	1	0.75161535	75	85.55682	0.0013926615	268	0	89708180	0.028296987	1314574	92443446	0	0.61127365	98910	43984009	14354	0.0352007	0	0.12308135	0.9704114	0.82297456	89708180	0.002746382	610341	3091974	38252150	242	38984084	18210109	0.0020614923	647366	1.6334654	0.014220305	0.9819231	219	0	98.42949
"104"	"ELL3153A19"	"NoDesc"	0.95787984	170607	0.96281856	158	0.96825206	0.7961951	0.37925118	18927	1	0.6594377	75	63.71009	0.0013193416	211	0	73025652	0.03690064	328645	75420082	0	0.5645619	100164	35840522	9713	0.020552743	0	0.16662344	0.96825206	0.77091753	73025652	0.0025785724	542351	2861851	31243098	176	31830290	12975720	0.0019422123	568873	1.7558261	0.0043575265	0.9786243	218	0	98.29372
"105"	"ELL3153A200"	"NoDesc"	0.95320773	1883397	0.920098	170	0.96523225	0.7125828	0.286823	20837	1	0.6763949	75	59.408318	0.0013942921	194	0	73307513	0.079495154	232737	75948056	0	0.5140181	106625	35882635	10589	0.023395263	0	0.2075152	0.96523225	0.6878079	73307513	0.0028165788	749057	7288725	29704299	156	30387311	12080615	0.0020965764	783453	2.5134225	0.0030644233	0.9772568	210	0	97.54031
"106"	"ELL3153A202"	"NoDesc"	0.95690423	3503517	0.9640117	167	0.9671788	0.8134155	0.33790758	21370	1	0.63607174	75	73.90999	0.001410313	234	0	81287755	0.035485987	395633	84046250	0	0.564607	109653	39847321	10593	0.021650711	0	0.15059611	0.9671788	0.7867183	81287755	0.0027013412	660810	3282534	34837546	193	35507050	15766237	0.0020489695	695286	1.9205556	0.004707325	0.97745353	226	0	98.13847
"107"	"ELL3153A203"	"NoDesc"	0.9530667	2620808	0.9687373	188	0.96194625	0.8268258	0.31872287	18689	1	0.66769415	75	67.10409	0.0014047022	235	0	72852109	0.030796925	356167	75734076	0	0.60324085	99373	35750178	12160	0.02777175	0	0.14191152	0.96194625	0.79536194	72852109	0.0025814434	486624	3218233	31454591	178	31964172	14522134	0.0019876417	511596	1.5753161	0.004702863	0.97082573	222	0	98.4765
"108"	"ELL3153A204"	"NoDesc"	0.9614596	2070233	0.9739646	158	0.9707273	0.8707031	0.34137136	18651	1	0.59455264	75	79.63161	0.001432825	263	0	79827883	0.025594417	798957	82235118	0	0.5457593	99758	39234417	11013	0.02309357	0	0.10326148	0.9707273	0.8452153	79827883	0.0027091573	535980	2694719	34510998	203	35030339	17535441	0.0020648984	570099	1.6013819	0.009715521	0.97999513	220	0	98.47069
"109"	"ELL3153A205"	"NoDesc"	0.96137804	1908753	0.9714529	151	0.97145736	0.8608646	0.3560984	18461	1	0.62475556	75	89.55045	0.0014502873	275	0	90542626	0.027997477	1082201	93202880	0	0.5859836	98730	44458904	9604	0.021850314	0	0.11058833	0.97145736	0.8362932	90542626	0.0027517315	629373	3078248	38782436	254	39423329	18867169	0.0020942579	669681	1.6703187	0.01161124	0.9815367	229	0	98.40308
"110"	"ELL3153A206"	"NoDesc"	0.9598881	2644322	0.9745348	140	0.9704643	0.86748767	0.32168072	18816	1	0.6206323	75	91.54658	0.0014588267	334	0	93230408	0.024987416	1017583	96067838	0	0.5139512	100262	45744298	9553	0.018526204	0	0.10704708	0.9704643	0.84186584	93230408	0.0028176252	607964	3321070	40241105	268	40948247	19939552	0.0021308218	652179	1.567722	0.010592338	0.9810405	223	0	98.51168
"111"	"ELL3153A207"	"NoDesc"	0.95242274	1462943	0.9728477	214	0.96143943	0.86308515	0.35490003	17818	1	0.6375044	75	67.062584	0.0014023246	227	0	68012057	0.026658569	709375	70739820	0	0.6064755	96659	33425532	14743	0.032151278	0	0.10976253	0.96143943	0.8298041	68012057	0.0026086576	442162	2146970	29221692	171	29649083	14382479	0.0019998343	469895	1.5601293	0.010027944	0.9704561	214	0	98.50942
"112"	"ELL3153A208"	"NoDesc"	0.9577896	2535382	0.9607568	170	0.9677902	0.80016214	0.4159311	20879	1	0.647942	75	76.645454	0.001418782	257	0	85724905	0.038812328	351106	88577988	0	0.5781764	107325	42045247	12819	0.025969211	0	0.16059457	0.9677902	0.7743891	85724905	0.0027069675	698204	3668612	36593819	208	37265038	16093835	0.0020562191	732239	1.927083	0.0039638067	0.9777908	217	0	98.12774
"113"	"ELL3153A20"	"NoDesc"	0.919605	134941	0.9621987	222	0.9283508	0.86189824	0.30361357	18882	1	0.6680722	75	59.5715	0.0012732204	190	0	63133567	0.037565738	1909232	68006150	0	0.5625955	101037	31087807	15946	0.030765966	0	0.10030043	0.9283508	0.80014396	63133567	0.0024915354	427645	3016351	27109350	158	27499356	12437617	0.0018766391	453400	1.6220225	0.0280744	0.9370966	215	0	98.447014
"114"	"ELL3153A21"	"NoDesc"	0.9508113	150409	0.96219826	219	0.96040076	0.844832	0.35833994	18506	1	0.58002967	75	63.785496	0.0012395969	231	0	71317991	0.037433624	1406100	74258576	0	0.63133574	99283	35090745	17986	0.040228676	0	0.1173663	0.96040076	0.8113773	71317991	0.0024827593	489903	3171008	30433120	183	30873916	13503224	0.0018549717	517292	1.6478882	0.018935187	0.96999013	212	0	98.41573
"115"	"ELL3153A22"	"NoDesc"	0.9406255	155637	0.9643394	231	0.95004666	0.8583744	0.3394627	18910	1	0.65727574	75	68.68714	0.0012547425	216	0	70521256	0.03538624	1584333	74229254	0	0.5890686	100904	34709383	15965	0.036239862	0	0.105965	0.95004666	0.8154957	70521256	0.0025056142	476318	3252565	30334698	175	30806545	14542726	0.0018739761	505192	1.613427	0.02134378	0.9594678	213	0	98.45406
"116"	"ELL3153A23"	"NoDesc"	0.9392677	168322	0.95833856	201	0.9485675	0.84232783	0.3832103	19006	1	0.58755845	75	69.31804	0.0012367424	257	0	79038241	0.04125159	2004318	83323790	0	0.60349387	101260	38900376	12205	0.025141258	0	0.11601074	0.9485675	0.7990048	79038241	0.0024977513	547104	4240870	33720519	204	34199314	15136123	0.0018610654	576939	1.6590028	0.02405457	0.9578673	219	0	98.403435
"117"	"ELL3153A24"	"NoDesc"	0.9584126	291885	0.9568742	198	0.9687826	0.76956916	0.33751145	20749	1	0.6605277	75	67.99904	0.0013120316	217	0	78795168	0.042823248	265526	81334208	0	0.5819354	106989	38664018	13728	0.027314892	0	0.18730503	0.9687826	0.74554527	78795168	0.002601346	672393	3181794	33451209	185	34079561	13534944	0.0019497883	704099	2.0242236	0.0032646288	0.9791527	215	0	98.02954
"118"	"ELL3153A26"	"NoDesc"	0.955304	593875	0.9561166	156	0.96559966	0.7693834	0.27561164	21761	1	0.6710002	75	74.36293	0.0013796123	251	0	86624884	0.04342951	365107	89710966	0	0.57326424	110494	42470816	10230	0.02225892	0	0.18673322	0.96559966	0.74291635	86624884	0.0026525594	793375	4001166	36668595	209	37367441	15252157	0.0020092994	833236	2.1812074	0.0040698145	0.9758954	214	0	97.882195
"119"	"ELL3153A27"	"NoDesc"	0.9542725	344972	0.9627838	111	0.9655228	0.7872267	0.3236596	19639	1	0.7203484	75	90.4324	0.0013926654	321	0	103538580	0.036893312	474826	107235762	0	0.52167606	102095	50724423	6527	0.01558802	0	0.17555714	0.9655228	0.76008534	103538580	0.0027772288	742957	4868276	44196686	310	45109741	18317075	0.0020768805	780122	1.6999876	0.00442787	0.97677326	232	0	98.34677
"120"	"ELL3153A28"	"NoDesc"	0.9448297	290028	0.9688202	191	0.95543367	0.85372424	0.320283	18722	1	0.70245755	75	71.35995	0.0013876935	226	0	74476695	0.03074598	1406756	77950676	0	0.604526	100248	36537088	18397	0.042030785	0	0.11509603	0.95543367	0.81567687	74476695	0.0027342113	473669	3088952	32054714	189	32650838	15246305	0.0020534801	502119	1.5145527	0.018046746	0.9660376	211	0	98.54383
"121"	"ELL3153A29"	"NoDesc"	0.95076275	266038	0.9652653	185	0.96097463	0.839522	0.3828838	18202	1	0.64188206	75	67.79115	0.001383159	231	0	74026489	0.034289252	1183119	77032724	0	0.57789266	97711	36338620	12370	0.024660347	0	0.12574337	0.96097463	0.8067593	74026489	0.0026816463	500119	3355064	31395859	191	31889848	14344270	0.0020255034	531319	1.6388028	0.015358656	0.97118646	222	0	98.43204
"122"	"ELL3153A2"	"NoDesc"	0.956405	324963	0.95126915	160	0.9669361	0.76777965	0.28292283	21337	1	0.7335653	75	64.071495	0.0012820075	207	0	76866419	0.048381988	385600	79494822	0	0.5506167	109302	37702120	11578	0.023160446	0	0.18348943	0.9669361	0.7423939	76866419	0.0026198837	758918	3576149	32298298	182	32915265	13068864	0.0019436601	794365	2.3564925	0.00485063	0.97746724	220	0	97.70423
"123"	"ELL3153A30"	"NoDesc"	0.94721085	296509	0.96772265	206	0.9586404	0.84975636	0.30212247	18647	1	0.6545482	75	72.67215	0.0013963516	225	0	76662821	0.031860985	1231825	79970368	0	0.5700101	100044	37561160	14948	0.026884988	0	0.11796632	0.9586404	0.8146107	76662821	0.00281181	488637	3421941	32777700	196	33416282	15590854	0.002095643	519799	1.5317001	0.0154035175	0.9700699	211	0	98.531136
"124"	"ELL3153A31"	"NoDesc"	0.95082974	263481	0.96732694	228	0.96192616	0.8455426	0.3878728	18014	1	0.6678499	75	67.51453	0.0013967758	235	0	73429506	0.032234237	1091233	76335908	0	0.61383456	96990	36001724	17170	0.039107874	0	0.12178429	0.96192616	0.8133496	73429506	0.0027418209	482325	2967902	31204379	192	31751856	14219929	0.0020615405	513803	1.5924144	0.014295148	0.9730226	210	0	98.47784
"125"	"ELL3153A32"	"NoDesc"	0.9529269	286109	0.96022785	175	0.9644252	0.7833267	0.31463307	20815	1	0.7791204	75	76.49369	0.0013767324	251	0	87415886	0.039388217	318000	90640404	0	0.5639388	107106	42820483	12430	0.029869325	0	0.17690115	0.9644252	0.75546	87415886	0.002800047	691048	3900242	37197540	214	37992245	15991739	0.002079905	727661	1.8792943	0.0035083694	0.9759235	217	0	98.1761
"126"	"ELL3153A33"	"NoDesc"	0.94469064	203521	0.9520069	219	0.9583447	0.7409406	0.3151109	20892	1	0.6985991	75	53.345406	0.0013222444	169	0	69796136	0.04758825	192383	72829888	0	0.609894	107826	34120389	14074	0.031965587	0	0.2110663	0.9583447	0.71007645	69796136	0.0030744735	614321	10201830	29572816	155	30386666	11982734	0.0021858765	644280	2.0762498	0.002641539	0.97199875	216	0	97.96496
"127"	"ELL3153A34"	"NoDesc"	0.95121294	216156	0.95790887	166	0.9627115	0.791476	0.35597354	21095	1	0.7483297	75	64.95402	0.0013853973	211	0	72845608	0.041658845	305409	75667118	0	0.5518844	108861	35687522	11682	0.02907518	0	0.16643293	0.9627115	0.76196307	72845608	0.0027704427	629419	3225019	30913828	175	31582089	13281665	0.0020696488	662118	2.053448	0.004036218	0.9742101	223	0	98.00458
"128"	"ELL3153A35"	"NoDesc"	0.9473817	169445	0.9654951	185	0.9593288	0.80902755	0.38137862	18809	1	0.6712412	75	72.74285	0.0013913566	226	0	79291008	0.034150694	363417	82652588	0	0.61343724	99675	38832365	13490	0.028438976	0	0.1564675	0.9593288	0.7761234	79291008	0.002834811	547124	3459504	33929771	193	34689251	15057889	0.0021040956	575726	1.6325717	0.004396922	0.9712758	226	0	98.41307
"129"	"ELL3153A36"	"NoDesc"	0.9468508	150125	0.9687314	175	0.95799774	0.8533231	0.34418198	18060	1	0.6259081	75	63.001057	0.0014042852	201	0	64158627	0.030835152	1253038	66971586	0	0.57587457	98239	31455555	17623	0.03260186	0	0.115408294	0.95799774	0.81748164	64158627	0.0027603474	371354	2635203	27642006	162	28189214	13000768	0.002074427	393060	1.375188	0.018709995	0.96914476	203	0	98.67437
"130"	"ELL3153A37"	"NoDesc"	0.6234804	291148	0.88209534	1425	0.6283656	0.79315877	0.39808872	16854	1	0.6055708	75	20.579079	0.0017003184	113	0	40607921	0.11776284	11678224	64624674	0	0.95375013	91769	20020498	102115	0.19638029	0	0.08893657	0.6283656	0.49839368	40607921	0.0029289224	329957	7606475	16361887	82	16647461	3672407	0.0023098446	355132	2.0886934	0.18070844	0.6332508	173	0	98.02324
"131"	"ELL3153A38"	"NoDesc"	0.857478	288008	0.90885746	323	0.8666602	0.8159953	0.35254377	18935	1	0.6792572	75	48.60441	0.0014478549	183	0	63586281	0.090895265	8125386	73369334	0	0.6382991	100757	31264077	28750	0.057518177	0	0.09286212	0.8666602	0.7071906	63586281	0.0028526925	399679	9060042	25942626	140	26454350	10253591	0.0021428315	429841	1.5988616	0.11074635	0.87584233	212	0	98.48275
"132"	"ELL3153A39"	"NoDesc"	0.8760999	219293	0.9226368	287	0.8853968	0.81223106	0.33435863	18491	1	0.59519356	75	43.90836	0.0014466728	180	0	55919684	0.07704314	5809842	63157770	0	0.62342393	98874	27491423	22062	0.040518947	0	0.110405795	0.8853968	0.7191467	55919684	0.002800352	385915	6327349	22978857	127	23409287	9148696	0.0021164054	412686	1.7323755	0.09198935	0.8946937	214	0	98.348305
"133"	"ELL3153A3"	"NoDesc"	0.95704454	196299	0.9632767	165	0.96810204	0.8069994	0.33305013	18952	1	0.7365	75	71.54761	0.0012710894	244	0	81680186	0.03646613	389163	84371464	0	0.53623307	100016	40064984	11128	0.025113177	0	0.15627722	0.96810204	0.78125775	81680186	0.0026158819	564573	3466483	34924683	206	35625592	14685770	0.0019358055	591627	1.6335517	0.0046124957	0.9791596	215	0	98.40918
"134"	"ELL3153A40"	"NoDesc"	0.95043784	155762	0.96051633	183	0.9629286	0.7888998	0.29939887	19981	1	0.691577	75	57.4127	0.0013824605	193	0	65006863	0.039137438	223988	67509540	0	0.5448555	104909	31818194	11878	0.024420884	0	0.17161655	0.9629286	0.75965416	65006863	0.00285667	521686	2808067	27609423	156	28262099	12002599	0.0021100037	549555	1.9074053	0.003317872	0.9754194	216	0	98.14552
"135"	"ELL3153A42"	"NoDesc"	0.9565403	224935	0.95589304	139	0.9650493	0.76793325	0.34110022	21856	1	0.73997283	75	71.234505	0.0012429226	243	0	85320372	0.043601032	356493	88410368	0	0.5312326	110906	41920136	7881	0.015292846	0	0.18795973	0.9650493	0.7410935	85320372	0.002579704	790285	4579486	36170308	205	36732531	15172289	0.00190542	819678	2.182769	0.0040322533	0.97355837	224	0	97.861824
"136"	"ELL3153A43"	"NoDesc"	0.95764875	400589	0.96369606	183	0.966377	0.80346215	0.31343883	19499	1	0.68712044	75	75.526184	0.0012372106	258	0	85202199	0.03597549	426611	88166628	0	0.5787775	101914	41873274	10323	0.023146726	0	0.16023387	0.966377	0.77644736	85202199	0.002588685	612305	3847268	36597534	215	37169414	15976916	0.0019068443	636256	1.6829644	0.0048386906	0.97510535	224	0	98.354454
"137"	"ELL3153A44"	"NoDesc"	0.9599014	344699	0.97026694	182	0.967996	0.85345715	0.3381281	18609	1	0.62407637	75	69.938774	0.001169939	235	0	74275517	0.029421793	1085064	76731222	0	0.5545792	99895	36604803	12772	0.029068232	0	0.11680979	0.967996	0.8261431	74275517	0.002492446	473875	2722100	31714929	195	32089533	15261041	0.0018256628	496322	1.523121	0.014141101	0.97609055	219	0	98.527824
"138"	"ELL3153A45"	"NoDesc"	0.95504916	325220	0.9717903	184	0.963115	0.86433655	0.33687457	18754	1	0.6355348	75	70.64244	0.0011755972	222	0	70981270	0.027915152	1050614	73699686	0	0.5576132	100584	34988907	12709	0.026278462	0	0.10745382	0.963115	0.83245546	70981270	0.0024594634	456065	2535179	30587353	182	30976471	15202535	0.0018121543	479788	1.5252545	0.014255338	0.9711807	219	0	98.530876
"139"	"ELL3153A46"	"NoDesc"	0.9580515	512799	0.96630836	162	0.9667866	0.8479752	0.29522014	19184	1	0.68383783	75	92.159325	0.001187701	311	0	97021339	0.033355683	2201537	100354452	0	0.58982134	101579	47763255	13348	0.030671943	0	0.118333146	0.9667866	0.8198111	97021339	0.002574571	549155	4863201	40964449	295	41522357	19741065	0.0018748707	574746	1.3652864	0.021937612	0.9755218	219	0	98.67717
"140"	"ELL3153A47"	"NoDesc"	0.96046174	230438	0.9708033	174	0.9692955	0.85329586	0.31818438	18447	1	0.6632507	75	65.9929	0.0011723284	230	0	70962790	0.02885584	995701	73210692	0	0.5550049	99312	34943503	12904	0.027401274	0	0.11750738	0.9692955	0.82709587	70962790	0.0025692405	459032	2419788	30269242	186	30669880	14404711	0.001864419	482273	1.548121	0.013600487	0.9781293	214	0	98.50616
"141"	"ELL3153A48"	"NoDesc"	0.92101467	268888	0.95460373	176	0.94716656	0.7565352	0.33264205	21174	1	0.6904931	75	65.040474	0.001319767	203	0	76885740	0.04503753	259747	81174472	0	0.5444978	107954	37088722	12085	0.02465758	0	0.19806856	0.94716656	0.7165648	76885740	0.0044061546	678653	3980808	31968245	171	33710766	13584288	0.002820352	732605	2.126984	0.0031998607	0.9733182	224	0	97.92123
"142"	"ELL3153A49"	"NoDesc"	0.9371903	377808	0.9564703	240	0.95093066	0.7884138	0.28446716	20796	1	0.6611583	75	56.45958	0.0013108979	179	0	67028776	0.042943675	151260	70487552	0	0.56558144	107722	32747915	15930	0.034221046	0	0.16805653	0.95093066	0.7497269	67028776	0.0030194276	578341	6713417	28307707	162	29082380	12552035	0.0021528192	607827	2.0472305	0.0021459109	0.9646711	216	0	97.997856
"143"	"ELL3153A4"	"NoDesc"	0.9594668	145934	0.968195	203	0.96858305	0.8564163	0.3132762	18113	1	0.58379096	75	61.722717	0.001212093	206	0	64930137	0.031560414	1234635	67036210	0	0.60655034	98060	31954859	14855	0.027920151	0	0.11177882	0.96858305	0.8295103	64930137	0.0024137513	407727	2401143	27932303	168	28351711	12979833	0.0018072671	430065	1.4942268	0.018417435	0.9776994	203	0	98.5613
"144"	"ELL3153A50"	"NoDesc"	0.9524484	188739	0.9551159	143	0.96412706	0.77632457	0.29611278	21293	1	0.58842224	75	62.922466	0.0013054797	215	0	71875442	0.04439465	303661	74549762	0	0.5283603	109540	35211514	11737	0.023976304	0	0.17879134	0.96412706	0.74847555	71875442	0.0027377636	682439	3448986	30277371	171	30947703	13158180	0.0020129469	713890	2.2547507	0.004073266	0.9758058	225	0	97.79572
"145"	"ELL3153A51"	"NoDesc"	0.94653904	165719	0.9695019	206	0.95852983	0.8739954	0.27288648	18255	1	0.6934615	75	67.064674	0.0013034525	215	0	67579529	0.030084658	386126	70503314	0	0.5882023	98139	33111848	14640	0.030569546	0	0.09550645	0.95852983	0.83775073	67579529	0.002806618	423374	2878357	28997657	182	29635712	13992328	0.0020456333	445351	1.4805028	0.005476707	0.9705207	213	0	98.560974
"146"	"ELL3153A52"	"NoDesc"	0.9520669	279787	0.9691968	172	0.96359956	0.82802683	0.33169216	18531	1	0.6662761	75	66.326904	0.0012959669	213	0	71985526	0.03028449	798346	74704816	0	0.5650284	99453	35287482	11247	0.023565426	0	0.14116992	0.96359956	0.7978863	71985526	0.0027275924	440473	2800022	30539208	180	31131643	14408842	0.0020032127	461896	1.4619951	0.010686674	0.9751321	214	0	98.578186
"147"	"ELL3153A53"	"NoDesc"	0.9620047	148357	0.969653	181	0.9698011	0.8562686	0.3120211	18306	1	0.681231	75	76.477615	0.0011795062	267	0	80520076	0.029897474	937362	83027416	0	0.5782981	98541	39666085	12667	0.026963053	0	0.113384426	0.9698011	0.83041024	80520076	0.0024801134	500399	3240119	34300194	218	34663085	16742355	0.001824582	523716	1.4883877	0.011289789	0.9775975	225	0	98.56209
"148"	"ELL3153A54"	"NoDesc"	0.96074086	163079	0.96718544	164	0.968671	0.8340923	0.33184013	19974	1	0.5759258	75	76.47967	0.0011866563	249	0	82628365	0.032339282	780297	85300748	0	0.56671983	105141	40667218	10657	0.023895048	0	0.13309307	0.968671	0.8079611	82628365	0.002528164	539696	3522507	35278833	215	35698737	16787487	0.0018519191	563258	1.5533011	0.009147598	0.9766012	224	0	98.49325
"149"	"ELL3153A55"	"NoDesc"	0.96265006	155322	0.9687312	229	0.9705116	0.85602623	0.3628972	18287	1	0.6001593	75	69.02098	0.0011757786	235	0	73321409	0.030769963	832882	75549236	0	0.5671155	98628	36110066	16471	0.031489935	0	0.112704925	0.9705116	0.8307834	73321409	0.002464769	437913	3122405	31193244	194	31522859	15355794	0.001815053	459605	1.4370531	0.011024361	0.9783732	226	0	98.61557
"150"	"ELL3153A56"	"NoDesc"	0.9619171	288571	0.9580438	177	0.96964276	0.7820444	0.30437046	20807	1	0.61409575	75	69.02506	0.001188728	227	0	77979397	0.041559193	236014	80420748	0	0.5145994	107513	38377021	12919	0.026630798	0	0.17599937	0.96964276	0.7583037	77979397	0.002451085	689786	3504756	33142593	190	33590249	14209591	0.0018148777	716615	2.0888386	0.00293474	0.97736835	213	0	97.96116
"151"	"ELL3153A57"	"NoDesc"	0.94608647	762791	0.9520819	200	0.95804065	0.78350717	0.27000046	21012	1	0.6186272	75	62.76375	0.001269497	194	0	75617910	0.04739389	156882	78929750	0	0.53883535	108304	37024645	12163	0.025652057	0	0.16857477	0.95804065	0.75063175	75617910	0.002928538	694846	9269884	31804996	181	32570772	14256128	0.002088667	724371	2.1756058	0.0019876156	0.9699949	213	0	97.86201
"152"	"ELL3153A58"	"NoDesc"	0.9553631	233845	0.95656514	176	0.96577257	0.788988	0.31268045	21322	1	0.6827469	75	67.46667	0.0012982386	226	0	76561954	0.042948015	326911	79275348	0	0.55914265	109537	37558305	13531	0.026155604	0	0.16757719	0.96577257	0.7619829	76561954	0.002626383	727773	3490487	32424849	185	33054226	14186148	0.0019551532	759084	2.2449265	0.0041237413	0.97618204	217	0	97.80477
"153"	"ELL3153A59"	"NoDesc"	0.95380586	316210	0.9646545	208	0.9642358	0.81944644	0.34182706	18865	1	0.68853784	75	67.975075	0.0012970878	228	0	74304044	0.03494994	377245	77060042	0	0.573877	100249	36469231	15024	0.031699747	0	0.14520806	0.9642358	0.79013956	74304044	0.0026642946	535270	3480233	31801934	183	32411822	14575319	0.001973297	559121	1.6957992	0.0048954687	0.9746656	214	0	98.34472
"154"	"ELL3153A5"	"NoDesc"	0.9595279	180749	0.9632152	180	0.96956253	0.8309121	0.32802367	17911	1	0.68391615	75	63.779423	0.0012414682	227	0	71663927	0.03645788	1309270	73913674	0	0.5893114	96635	35225553	13235	0.02925198	0	0.13230312	0.96956253	0.80562127	71663927	0.0025122853	470251	2839063	30515237	182	31001900	13256514	0.0018703004	496087	1.57498	0.017713502	0.97959715	214	0	98.482346
"155"	"ELL3153A60"	"NoDesc"	0.95048416	215865	0.96815664	193	0.96008414	0.86188245	0.36047095	19045	1	0.6760794	75	83.42842	0.0012372495	269	0	85668836	0.03142304	1481321	89230548	0	0.56604105	101489	42126984	13759	0.030312244	0	0.10627416	0.96008414	0.8274797	85668836	0.0025315445	573063	4062780	36733494	230	37302069	18608234	0.0018779259	602838	1.5903956	0.016601054	0.9696843	218	0	98.46392
"156"	"ELL3153A61"	"NoDesc"	0.9546859	262107	0.9652595	276	0.9647432	0.8524321	0.31076688	17915	1	0.7188711	75	68.12109	0.001258746	228	0	71365951	0.03421255	1142413	73974042	0	0.65937614	97168	35078984	20251	0.049464226	0	0.11282746	0.9647432	0.82237804	71365951	0.0025996407	427788	3398237	30390140	181	30852363	14661335	0.001922204	451777	1.4431862	0.015443431	0.97480035	211	0	98.611885
"157"	"ELL3153A62"	"NoDesc"	0.9542479	183535	0.967944	207	0.96454614	0.8551636	0.33679813	18787	1	0.601824	75	73.92931	0.0012492724	236	0	76668653	0.031573802	1006176	79486770	0	0.55795383	100569	37661130	13893	0.027292015	0	0.11278048	0.96454614	0.8248447	76668653	0.0026237885	485688	3542362	32795403	195	33341981	16687926	0.0019291928	511406	1.5106494	0.012658409	0.97484434	213	0	98.54065
"158"	"ELL3153A63"	"NoDesc"	0.9560674	192797	0.9692425	149	0.96720654	0.850154	0.41512346	18051	1	0.7250814	75	72.693565	0.0012496134	238	0	76815585	0.030266229	911845	79420042	0	0.5902489	97688	37709795	10294	0.024341509	0	0.11908845	0.96720654	0.8222745	76815585	0.0026734942	486620	3252199	32714317	199	33287692	15851973	0.0019533546	513594	1.519451	0.011481296	0.9783457	219	0	98.534325
"159"	"ELL3153A64"	"NoDesc"	0.94936764	558603	0.96141815	156	0.9590196	0.80810755	0.38116422	20523	1	0.65215564	75	70.456726	0.0012774664	233	0	76724359	0.03812612	259440	80002910	0	0.54980755	106419	37671353	10225	0.0205052	0	0.1533106	0.9590196	0.774991	76724359	0.0025566085	648603	3468878	32603925	191	33189194	15306944	0.0019106005	676607	1.9979066	0.003242882	0.96867156	226	0	98.04946
"160"	"ELL3153A66"	"NoDesc"	0.9566957	193108	0.957561	133	0.9639698	0.7760537	0.328728	21632	1	0.61239535	75	66.58867	0.0012160556	220	0	79080513	0.041997276	395482	82036294	0	0.5017908	110484	38928944	8411	0.017347276	0	0.1815073	0.9639698	0.74809235	79080513	0.0024869193	742119	4831401	33720389	187	34171700	14565217	0.0018466924	767937	2.1978962	0.004820817	0.971244	225	0	97.84659
"161"	"ELL3153A67"	"NoDesc"	0.9574598	200697	0.9614865	210	0.9651641	0.8023648	0.30280516	18980	1	0.6094173	75	65.6903	0.0012331111	216	0	72143845	0.0380993	398707	74747754	0	0.58056974	100335	35505581	13324	0.030972648	0	0.15912168	0.9651641	0.77441376	72143845	0.0025306141	517937	3984929	30878958	177	31309839	13797836	0.0018766843	535379	1.6811912	0.005334033	0.9728683	223	0	98.35035
"162"	"ELL3153A68"	"NoDesc"	0.9556596	181493	0.96620375	209	0.96235526	0.85868496	0.3562268	19126	1	0.6196712	75	73.058174	0.001131384	228	0	73483231	0.033381384	1305831	76357692	0	0.56705153	101689	36266793	17250	0.034842853	0	0.10751873	0.96235526	0.82636005	73483231	0.002336334	507808	3284123	31504892	188	31815319	16010918	0.0017296674	528688	1.6345779	0.017101498	0.9690508	214	0	98.41373
"163"	"ELL3153A69"	"NoDesc"	0.95950806	233796	0.96436524	151	0.9667535	0.8481826	0.3094342	18660	1	0.70226467	75	68.800156	0.0011405065	239	0	71782963	0.03521131	1287951	74251564	0	0.55060136	99846	35402620	12027	0.025160141	0	0.11618257	0.9667535	0.8199835	71782963	0.0023871271	481881	3509526	30451629	186	30775081	15168303	0.0017591453	502207	1.6056603	0.017345775	0.97399896	223	0	98.4422
"164"	"ELL3153A6"	"NoDesc"	0.9554905	142404	0.9649803	221	0.9658098	0.8576243	0.30954406	18459	1	0.7170328	75	73.43075	0.0012226482	245	0	76673377	0.03478648	1659697	79387654	0	0.5934929	99403	37690612	15657	0.030632548	0	0.10735594	0.9658098	0.82830197	76673377	0.002515941	481301	3549544	32820987	202	33385939	15234204	0.0018623853	508836	1.5012225	0.020906236	0.9761291	219	0	98.55475
"165"	"ELL3153A70"	"NoDesc"	0.9592368	146152	0.96362394	173	0.9667889	0.85925686	0.35434407	18724	1	0.62054116	75	66.297165	0.001123495	215	0	66236100	0.035941835	1191814	68511438	0	0.5335623	100453	32664369	10496	0.023529306	0	0.10436712	0.9667889	0.83072	66236100	0.0024277277	439531	3413923	28288192	169	28618285	14711526	0.0017705172	459057	1.5787448	0.01739584	0.974341	216	0	98.47001
"166"	"ELL3153A71"	"NoDesc"	0.95528054	140764	0.9632397	219	0.9631163	0.84820336	0.33470523	18264	1	0.63537264	75	55.540154	0.0011366851	198	0	57616751	0.036328636	1074389	59823258	0	0.5689529	98980	28403799	18346	0.03836093	0	0.11503634	0.9631163	0.8169185	57616751	0.0024667878	438265	2696404	24464961	147	24762379	11948310	0.0017963257	458396	1.8175333	0.017959386	0.970952	214	0	98.24012
"167"	"ELL3153A72"	"NoDesc"	0.9614867	245724	0.9589344	152	0.9693138	0.75405157	0.35248736	20878	1	0.6580802	75	69.13389	0.0012027918	226	0	81259896	0.040641487	229236	83832392	0	0.57342553	107189	39969944	10100	0.020557035	0	0.20488285	0.9693138	0.7309126	81259896	0.0025076286	733968	3768430	34664874	190	35177796	14273349	0.001849942	759103	2.112322	0.0027344562	0.97714096	224	0	97.92658
"168"	"ELL3153A74"	"NoDesc"	0.9573138	331128	0.9583282	191	0.96511275	0.7750013	0.34936738	21361	1	0.65783244	75	63.929363	0.0012590458	218	0	74795688	0.041179392	324156	77499434	0	0.52820224	109427	36771259	13143	0.026702397	0	0.18332693	0.96511275	0.7479636	74795688	0.0025131747	719319	3610411	31824874	177	32270238	13625876	0.001881043	746270	2.2602935	0.004182689	0.9729117	215	0	97.78972
"169"	"ELL3153A75"	"NoDesc"	0.95622325	207993	0.96414983	178	0.9639007	0.78028286	0.31259593	18887	1	0.6799777	75	65.276855	0.0012739558	228	0	75240205	0.03544302	325741	78058050	0	0.56250644	99626	36999695	12272	0.025266938	0	0.18386701	0.9639007	0.7521152	75240205	0.0025290023	574684	3233874	32351048	180	32791681	13666927	0.001896481	594185	1.7797501	0.004173061	0.97157806	217	0	98.2546
"170"	"ELL3153A76"	"NoDesc"	0.775351	85690	0.9710429	407	0.78042054	0.85609686	0.36755395	17597	1	0.5713925	75	42.9221	0.0012207201	170	0	44072231	0.028583644	1660364	56472418	0	0.6720242	95902	21757121	33007	0.06370913	0	0.11494601	0.78042054	0.66811556	44072231	0.002402464	313430	1420007	19048141	114	19227494	9068852	0.0018077539	328331	1.6789423	0.029401328	0.78549	203	0	98.381165
"171"	"ELL3153A77"	"NoDesc"	0.8707414	114924	0.9721738	328	0.87681466	0.86654186	0.25008175	18126	1	0.58726174	75	54.0883	0.0011812927	186	0	54195124	0.027464962	1840249	61809100	0	0.6421909	98029	26750846	29626	0.063187845	0	0.10563192	0.87681466	0.7597966	54195124	0.0022951972	343165	1912947	23540464	136	23781096	11850579	0.0017343872	362111	1.4998462	0.029773109	0.88288784	205	0	98.56319
"172"	"ELL3153A78"	"NoDesc"	0.82920706	97622	0.9721178	500	0.83461803	0.9204609	0.2115134	16621	1	0.8042378	75	62.67443	0.0012826854	256	0	56846356	0.02718913	1791751	68110626	0	0.8440277	87477	28018755	37709	0.08558751	0	0.051656786	0.83461803	0.7682333	56846356	0.0024473262	284020	2656166	23545683	185	23643187	11141906	0.0018612305	299717	1.2517989	0.026306484	0.840029	191	0	98.80813
"173"	"ELL3153A79"	"NoDesc"	0.8846838	101230	0.97218794	289	0.8924347	0.8623928	0.37352464	18284	1	0.45313808	75	56.270096	0.001182999	189	0	55872726	0.027431164	1341293	62607076	0	0.584958	98665	27524340	21382	0.04267847	0	0.109795175	0.8924347	0.76962924	55872726	0.0024795728	359020	1981924	24170404	141	24502449	12121930	0.0018256555	377680	1.5179986	0.021423984	0.9001856	216	0	98.53637
"174"	"ELL3153A7"	"NoDesc"	0.958192	248611	0.965334	205	0.9690349	0.8407379	0.30566233	18193	1	0.6604245	75	74.66206	0.0012300728	274	0	82326617	0.034336053	1467888	84957326	0	0.5683122	97454	40431541	14581	0.031266753	0	0.12459611	0.9690349	0.81470436	82326617	0.0025567492	538003	3155804	35013729	221	35630068	15658379	0.0018859886	571306	1.5781333	0.017277945	0.9798778	206	0	98.4867
"175"	"ELL3153A80"	"NoDesc"	0.9545836	723238	0.9550882	157	0.9638952	0.7510905	0.39354348	21180	1	0.6622037	75	70.6323	0.0012599619	227	0	84917421	0.044424005	260048	88098194	0	0.5578861	108153	41667436	10728	0.020870985	0	0.20399772	0.9638952	0.72397256	84917421	0.0025627895	851842	4250674	35902057	195	36523148	15046990	0.0019050827	885641	2.3674676	0.0029517973	0.9732067	224	0	97.682304
"176"	"ELL3153A81"	"NoDesc"	0.93935835	167246	0.9563099	229	0.9529034	0.79286814	0.31215975	20725	1	0.65261483	75	59.548794	0.0013788455	184	0	67869590	0.042999744	139730	71224000	0	0.5746425	107526	33155631	16847	0.035712846	0	0.16344179	0.9529034	0.7555267	67869590	0.002983399	602277	6460806	28618218	163	29395770	12895594	0.0021697185	631501	2.1030915	0.0019618387	0.96644837	219	0	97.93885
"177"	"ELL3153A82"	"NoDesc"	0.9514295	164255	0.9601154	178	0.9631959	0.7863278	0.2906531	20673	1	0.70435536	75	57.700523	0.0014052849	199	0	64902191	0.03938004	274711	67382132	0	0.5801971	107401	31784261	15673	0.031310868	0	0.17378755	0.9631959	0.7573877	64902191	0.0027637344	581976	2820886	27594312	155	28214838	12062275	0.002076212	609582	2.114811	0.004076912	0.9749623	210	0	97.93452
"178"	"ELL3153A83"	"NoDesc"	0.95243394	336618	0.96681976	146	0.9636949	0.8027654	0.37409726	19299	1	0.62300396	75	84.19028	0.0014050672	318	0	95096387	0.032652736	405727	98678936	0	0.55219597	101178	46591975	9933	0.021019641	0	0.1640544	0.9636949	0.7736209	95096387	0.0027567237	731396	4222036	40765806	255	41626293	18165394	0.002072998	764019	1.8023435	0.0041115866	0.9749558	225	0	98.237495
"179"	"ELL3153A84"	"NoDesc"	0.9533216	173419	0.9684769	181	0.96468854	0.8359534	0.39733785	18041	1	0.6287337	75	72.62258	0.0013436641	237	0	77535514	0.030961761	963925	80373624	0	0.56475234	97003	38032208	9683	0.022288926	0	0.13252349	0.96468854	0.80643463	77535514	0.0027007745	571570	3112722	32911637	199	33508717	15733518	0.002014224	602032	1.7649335	0.0119930515	0.97605544	224	0	98.29296
"180"	"ELL3153A85"	"NoDesc"	0.95108366	162435	0.9678617	215	0.96201384	0.8460155	0.3847452	18509	1	0.65768266	75	67.07434	0.0013668834	224	0	69699347	0.03161123	972224	72451498	0	0.561311	99501	34200335	15077	0.03346295	0	0.12184623	0.96201384	0.81387866	69699347	0.002670472	506189	2875418	29718306	177	30256166	14682456	0.0020112721	530873	1.7243392	0.013418964	0.9729442	229	0	98.32523
"181"	"ELL3153A86"	"NoDesc"	0.9523761	146365	0.9684444	184	0.9638901	0.8444663	0.3632913	17622	1	0.6307273	75	64.386406	0.0013551873	218	0	67575216	0.030946627	861740	70106764	0	0.6171524	95570	33139601	12532	0.02842787	0	0.12397807	0.9638901	0.8139727	67575216	0.00273723	501365	2765269	28679924	171	29207128	13989939	0.0020379543	528661	1.7778611	0.0122918235	0.9754039	218	0	98.2819
"182"	"ELL3153A87"	"NoDesc"	0.95083225	149683	0.96733487	178	0.96244305	0.8466651	0.30341825	18343	1	0.62901765	75	66.76006	0.0013533625	221	0	69752607	0.03205929	1028926	72474526	0	0.53943807	98973	34193848	11058	0.02361554	0	0.12066972	0.96244305	0.8148669	69752607	0.0027372828	494374	3039605	29704078	177	30279051	14631520	0.0020369748	520052	1.6885296	0.014197071	0.9740538	222	0	98.362915
"183"	"ELL3153A88"	"NoDesc"	0.95598185	448325	0.9603298	175	0.96690845	0.78265357	0.27539128	20440	1	0.6746894	75	69.22971	0.001376869	227	0	77150658	0.03916445	239260	79791066	0	0.52607065	106042	37816440	11390	0.022867078	0	0.17767616	0.96690845	0.75675434	77150658	0.0026707335	704632	3368051	32788856	182	33464699	14354760	0.0020164906	735456	2.1504464	0.0029985814	0.9778351	218	0	97.89621
"184"	"ELL3153A8"	"NoDesc"	0.95528764	237991	0.9532382	170	0.96652275	0.76382273	0.33705762	20356	1	0.69189274	75	58.322357	0.0012750656	192	0	68526019	0.04649859	197358	70899536	0	0.5704979	105787	33594973	10273	0.020215278	0	0.18941548	0.96652275	0.73825204	68526019	0.0025933722	639254	2894548	28864712	162	29470132	11732248	0.0019265568	668867	2.219274	0.0027836289	0.97775805	226	0	97.83333
"185"	"ELL3153A90"	"NoDesc"	0.953729	204476	0.95695233	172	0.9626522	0.77796227	0.32124865	21495	1	0.6353289	75	66.483734	0.001262273	213	0	76013188	0.04214415	252948	78962248	0	0.5376228	110033	37284590	11024	0.022465361	0	0.17899011	0.9626522	0.7489071	76013188	0.0025821924	725060	4118147	32172889	179	32701294	14134612	0.0019161153	754405	2.254937	0.0032034041	0.97157556	227	0	97.79603
"186"	"ELL3153A91"	"NoDesc"	0.95239043	241998	0.9662063	149	0.9607625	0.8083514	0.40071252	19133	1	0.6587168	75	75.37573	0.0012506365	250	0	82348414	0.033442233	378873	85711518	0	0.5482265	100548	40482635	10427	0.02155626	0	0.15785499	0.9607625	0.77663374	82348414	0.0025375665	606914	3704721	35413790	206	35941063	15903988	0.0018884944	630571	1.724208	0.0044203275	0.9691345	225	0	98.3151
"187"	"ELL3153A92"	"NoDesc"	0.9411768	149889	0.96937287	187	0.95139563	0.84080803	0.40450814	18640	1	0.7087122	75	70.60681	0.0012830133	230	0	73780912	0.030192822	779009	77550194	0	0.580772	99870	36207700	16104	0.032860342	0	0.12856482	0.95139563	0.79994106	73780912	0.002699845	500556	3016103	31530411	190	32049978	15459742	0.00198382	526656	1.616668	0.010045223	0.96161443	210	0	98.43727
"188"	"ELL3153A93"	"NoDesc"	0.9584493	173755	0.96548253	166	0.9672948	0.83178395	0.32372868	18159	1	0.69490886	75	77.401634	0.0012155484	266	0	82775787	0.03409938	797580	85574510	0	0.56923753	97408	40713915	14684	0.030642673	0	0.13369855	0.9672948	0.80458033	82775787	0.0025220441	561930	3994539	35124862	219	35586506	16653109	0.0018628226	588706	1.627374	0.009320298	0.9761404	221	0	98.42539
"189"	"ELL3153A94"	"NoDesc"	0.94028926	135837	0.96814674	217	0.9484264	0.84843594	0.38779578	18685	1	0.56267136	75	73.26285	0.0012386262	232	0	75978624	0.031479828	795070	80110190	0	0.5828789	99912	37377014	16574	0.034374483	0	0.119710736	0.9484264	0.8046791	75978624	0.0025150215	533231	3298902	32451177	199	32856350	16007659	0.0018713484	557330	1.6679696	0.009924705	0.95656365	222	0	98.383385
"190"	"ELL3153A95"	"NoDesc"	0.95207065	129043	0.9675746	170	0.9609034	0.8331289	0.3395872	18280	1	0.5797916	75	72.17339	0.0012177215	254	0	77678615	0.03197611	709086	80839148	0	0.55855453	97709	38196240	12425	0.025451468	0	0.13444568	0.9609034	0.8005564	77678615	0.0025455898	551597	3172233	32999807	207	33434258	15206071	0.0018755527	576830	1.6960057	0.008771567	0.96973604	225	0	98.355965
"191"	"ELL3153A96"	"NoDesc"	0.95635974	244776	0.95569587	162	0.9649876	0.7619203	0.44425294	21098	1	0.66560525	75	70.639145	0.0012338954	222	0	80111574	0.043870613	215459	83018248	0	0.53254485	108009	39357301	10186	0.02183466	0	0.19377561	0.9649876	0.7352436	80111574	0.002532543	762908	3980051	33933547	186	34465534	14446091	0.0018774136	791910	2.246079	0.002595321	0.97361535	227	0	97.80119
"192"	"ELL3153A98"	"NoDesc"	0.955048	775950	0.95614946	169	0.96455646	0.7677737	0.32229838	21428	1	0.65450794	75	66.64847	0.0012784972	212	0	82217686	0.043345783	310291	85238856	0	0.54351264	109386	40338648	10776	0.025174571	0	0.18837579	0.96455646	0.74056107	82217686	0.00264648	696754	3981527	34614690	192	35217443	14381591	0.0019557457	726125	2.0201805	0.003640253	0.9740649	227	0	98.026825
"193"	"ELL3153A99"	"NoDesc"	0.9557511	743566	0.96381557	184	0.9655626	0.76960164	0.317868	18561	1	0.6442602	75	68.1483	0.0012631553	212	0	81103422	0.035878647	302028	83996034	0	0.5735959	98289	39795574	14424	0.03371953	0	0.19421399	0.9655626	0.74309856	81103422	0.002619822	545945	3509734	34505606	189	35121960	13939669	0.0019345959	570065	1.5971776	0.0035957412	0.97537386	221	0	98.44245
"194"	"ELL3153A9"	"NoDesc"	0.94853157	242683	0.9588194	188	0.95735157	0.771401	0.3404589	20268	1	0.69309205	75	52.261635	0.001271861	168	0	71148810	0.03966023	286981	74318370	0	0.56743675	106021	34924255	13103	0.026088394	0	0.18741843	0.95735157	0.73850197	71148810	0.0029156592	545379	12421861	30818676	164	31273988	12713837	0.0020861882	569959	1.7898504	0.0038615083	0.9661716	219	0	98.26113
